99
922763365
110069681
991289739
701924505
122794769
700187611
22779609
663449785
430803392
787723191
401309418
216051912
706087660
266506209
709012189
609249186
228348192
972309015
419868766
254178714
433413038
697897639
289725957
374879591
77017136
536796719
559673468
445004015
243349266
72514203
103539278
195399124
681092141
334380800
70196281
936821849
973638177
833931863
500461546
734748085
23462745
479037116
534477958
873740034
99642284
800788368
618933325
356769213
513818031
158533984
359671036
81999482
525341317
131233601
379954006
828801232
9993782
302814573
192350275
255909644
131705517
995020905
63236385
216153357
343095211
937767130
726382755
727810245
312256542
40782313
801929107
884077340
201164422
673109119
704716200
766846594
860620441
865597470
317816320
636002367
334532443
226866636
129052553
921866483
711467709
475792713
863104240
574540809
555960855
409667611
515300027
130584757
444273424
629352285
188778915
96328671
341692257
462998246
747973845
