99
81685354
514870596
97245153
806979841
71000104
633725309
908095310
473981380
42190878
400025853
533992187
224343407
777995413
924054330
462607118
856170553
252505922
640300727
509845374
519389991
543524479
520289051
401239882
210835569
34672673
546689699
303523117
196403099
300439439
349175148
219375707
843666835
395024873
309535895
922732406
767799602
195843465
294171088
988876522
868860038
231312505
997465051
860846406
773622541
322727215
594990990
762355113
111173478
733018399
861287702
975659419
344975174
88719998
34611573
95828771
209896197
939397802
315924955
220171380
81941102
288844865
690868584
89969942
843844380
287187019
622334755
484301478
104390250
33055499
722856247
392981510
274461625
581263857
445234887
755667017
633514576
762837269
269334491
307219001
50364356
758560379
16901276
465543698
696171679
425146374
529904029
291426715
548124758
687200395
438206893
721847676
376106100
451521773
584884623
194053797
240052709
367825517
386682393
220894072
