99
534584482
179366815
263549143
843015999
638767782
406258651
510520385
795737044
483424506
222979821
891317424
112524340
301779864
64844989
711814575
185477168
998234167
639347719
166692781
114630870
249131421
195091497
895934396
441044425
129366236
224471818
980947152
173988296
294827191
91073420
373181294
274224380
590388610
671280444
533811010
750416919
870549891
454816336
674612354
191185497
128900454
458304086
525529366
550621372
155248601
562383132
213483938
267050071
737342880
753300150
529620777
411552050
52923976
414922770
491787964
434975900
599085352
972549135
956739848
379189480
295615139
517657349
369379193
585187522
294331678
399887589
196046913
268761835
348288906
719447043
424129449
179910524
326283903
879613276
296232670
296231739
352939106
603713254
412802508
428088645
212415752
398716852
344630352
667576538
241853530
888590020
901470578
914560947
415428560
890009757
933587722
547974936
821271982
374370388
940001449
928311983
449599377
453594168
166623243
