99
921435462
54047962
348971965
912421884
242713799
432466077
861876959
200963335
599437271
720392781
452938160
588709387
201431843
876015930
878151153
843468301
959271065
767073292
471695933
837043084
379616475
974456413
72956244
104505690
103164017
833704532
944863850
656075900
902997884
160075698
346886474
217779620
893808053
487042772
68142373
696889162
779967099
542062846
440944513
608100667
140218467
34598647
302051090
326014968
803875845
31421164
878600814
428233298
522722206
387175861
726614233
499480202
176662417
727270624
820473338
181939137
543555980
502729811
983695133
944652116
307670145
803050049
585926886
510725799
182965148
284512719
950343182
11779050
644471263
728947422
956889331
159983053
203901151
599616217
647962954
542425579
763549281
76255195
225803454
820207824
581149343
363257871
200377400
896852530
161854610
437236686
274059181
791233722
16205754
96177929
96875036
807049174
190031765
514013178
19913700
54053719
622728281
405919129
725144235
