99
346833787
31320505
826203709
602859874
510145444
324783997
839614804
644040351
63221142
41951080
528740749
181592740
877000632
483082302
897662800
538726723
65031658
29988316
879594184
952848723
209554158
357180347
712152647
72291293
962896959
831314186
390157468
261815320
507816116
912124835
809753160
213349495
816018277
838379081
832615392
308346676
807579475
906536429
10024409
983164293
51949829
771228726
927742873
915125637
992975131
643023487
199027546
170720390
185186070
249580917
712821112
666293771
892029847
466346736
340977729
801060122
613609042
91542963
519086973
71439539
457562968
782008482
563085174
605148574
715779599
991763945
33211588
228110978
233540172
982850309
565953264
887207353
210320503
20094895
371375149
318424796
918938866
943331141
244061222
582883237
191933435
31280434
65168157
952618404
130859001
936452396
873916330
553815705
502399102
971555977
325378198
889977969
731425157
434687623
470790383
581197088
42859623
55951969
102399531
