99
226811109
853528909
622147259
639279193
347176930
676212733
620576186
861536644
472045194
968026884
124723494
802715548
973359894
65055821
356437100
640553757
807316056
578230234
640059553
140649135
918237937
788421806
552406167
583173963
384134132
127240044
402306835
693176371
487314049
170364647
789503285
931299689
458109053
513369457
663295412
967394813
327117247
251250993
858409307
349138441
713850474
266511493
77274837
77989760
107596101
1158845
996013818
667909305
491528856
798930344
249516437
437151104
357756295
691923434
689772541
365492441
733121055
569407512
303831172
921172317
920245272
121687100
203545663
112825450
507417125
995224425
905069702
991376886
581894032
187851139
596964222
185500401
220037822
97454036
163050074
274832702
521354307
330982436
405129565
895285815
56843770
19436289
253691696
759392186
99620933
518376324
731829734
640060308
242502943
516692004
288052790
278945857
524962314
410946336
561755811
257626892
244438832
913309256
196840576
