99
102399039
976268937
103038251
923122022
645117312
674525332
189894174
998019039
353071770
790393467
174271664
866549035
401064978
980622804
103633274
521359849
123269131
319381160
598214565
122914507
486065311
323947505
878844231
227204647
28396243
400623282
635975632
5990600
37819859
113558064
994406020
701843972
9599721
371920958
102030359
366651259
751637647
209182441
940008324
429059955
190423422
309012356
375086919
741761253
484513596
537965457
392953394
393342524
622640374
945830920
80323705
70767284
105846090
822457471
756564618
429660166
149164192
756739595
235247939
221053947
124178518
707240108
950975999
502653575
906301042
577139312
353395943
364986740
306811863
931262057
101621041
672670059
608202368
810530599
616474230
215717870
119895303
660624123
551457052
100040428
748523160
43729707
585840826
88330302
162133867
216650215
578229151
580548289
727432147
727266496
429335072
250031798
17541505
77272896
177395589
702021252
168812256
343407625
259695879
