99
644718447
221462384
182051424
530553158
154193922
721875741
269792031
629336817
22049348
849093263
808418576
859089549
401464487
359681772
740013840
633461535
584072131
625234730
673645912
831922135
520037232
606667661
917266221
885535387
724780134
817487350
690680010
157083416
839924291
821984679
965025290
497824822
873746051
878463364
817720610
128862738
150124848
125613693
114528873
328778371
901224759
110382721
544215367
934466661
224831990
797505378
17730745
373856075
320022415
470742509
829685175
726594603
536978031
939997856
402143069
815419637
798552108
907905422
458201021
870994838
887204104
65694019
441401399
491360191
982852005
487770004
722846046
670839133
697458937
857012353
285380249
284509918
670495290
465179755
605922145
857018919
932028726
876529724
401576691
990550664
265763217
42465123
323222149
67478514
603706096
952123151
191180055
928103297
512173259
724421441
411547501
568626373
685230395
961493489
453754456
553510976
821562020
994625594
354134936
