99
361544480
228025577
562410730
644458827
659650810
87703835
879141665
67806046
287887456
412811246
15527420
794105053
672336608
839455187
975582766
800616298
883775259
220441297
277364702
629577095
212708395
286683026
623689503
584486037
247304829
997358825
347411893
130118583
447302750
976308655
151970946
578073651
630196654
864291712
941495581
570378071
875678354
741219738
953594526
608944528
161914386
642173773
358114169
269127735
534154577
614230977
953021659
652793774
991850683
360917400
328613962
272207547
14455910
838287825
126270113
425425722
598133875
743649310
389249467
722631610
521688308
451623340
300758023
96912804
460568655
546153226
595741231
523821047
491375811
5284287
480156688
100123052
725555044
464452670
985903173
476837450
951291567
672591370
687897247
999463044
125309102
123611373
287751563
42481416
207791713
337765140
646073168
84369727
338005996
762613105
584222602
131191199
614427224
174902599
145056041
743747448
154127883
13568904
989980672
