99
308189241
900405273
526439001
393724036
691426843
961680456
691384768
618318266
362067632
575027043
410225562
973580023
837835951
655504904
559966779
457207238
128991847
370391755
229180963
410273415
414327270
710162661
628242415
590051120
10315743
691072019
442542744
599202601
402114052
201801035
146776489
685256688
344678242
127753308
606433116
494633109
103405249
618745696
328883337
310545195
459527922
500918000
708499429
576401574
711681851
508996742
675560614
447333412
193559855
478980051
875873920
436022101
962205487
374579883
44482580
931756816
29545933
246048264
957903442
314984315
85469208
916104562
692360779
264981208
942124624
581549445
239209834
370089886
446319750
629021717
89113173
879030042
755747879
723373142
472112693
407458302
713726908
87622548
243015706
355855213
270382709
224067702
157105852
536683089
710091646
464419121
617329029
524491865
621759957
913065368
780217264
385093843
59255967
918277768
929326402
966629818
176587156
335182644
750180862
