99
373969581
612926976
464953345
767202860
282606489
763904348
238579626
917074444
791138870
107902328
201838817
926342399
870121762
138521833
864266040
827840848
252598638
711532567
687664352
119707835
480452596
898389749
903329962
379944500
568564910
767834766
749100843
814074812
600633114
424145607
988702356
783490796
155992923
550934266
700705981
585555536
664886192
740676934
736783789
755321327
261280642
334235560
680335199
259508594
449186586
899860506
489428055
614949614
46188575
184912464
238717602
295476300
449590083
808680633
106867724
587797215
246855437
105061956
203641537
546273172
775335125
453647781
778362839
982346328
814423984
746417972
42071972
369270674
224448250
528367431
600649890
448444655
638130392
88999764
731709152
859285722
615251344
521938644
344001836
382672394
999555025
195922384
141869897
554165994
557166190
921305487
284355415
370941035
110022261
338261591
442205080
867449881
413949178
519974459
597326421
65002608
429327667
524654500
829942937
