99
333747458
67506830
960132559
25921730
344883191
649907167
199824600
420901166
3456782
137547291
90024654
403422300
54698307
530427804
250910800
133496711
806295965
990763572
395603646
419474590
60363036
697710486
604090563
741733686
567679659
991339284
791959394
824345398
226902637
192255164
493800865
990011199
295556863
370230174
923918895
635943302
487518799
894701992
963974803
159894370
58725623
706464032
379995981
650624447
113039166
144942950
359914906
631597359
317620893
8494523
500986081
938282088
245256508
292789328
668967459
18399571
240945585
35678437
974986698
627477145
740860990
754573447
664469459
777594849
228185783
471120845
683933291
186756141
364457330
631682173
968407574
951451365
909021701
422714200
62231684
976658571
73885224
141561044
296160240
38709094
762379874
928688330
655544295
666866201
778990256
351270671
914374986
680712748
653822915
291520984
878812107
571919742
95437285
377163329
479387889
657021473
836332818
390022200
182944412
