99
105675008
96979708
298385942
232362163
178558171
262711894
511454796
551842199
596895830
454284929
746720248
325643768
561428603
724663427
799040406
147243487
593262585
684716315
575236796
943242469
135180780
916616987
857981622
604876407
451543661
517825027
872980307
542502067
592955368
476269797
89127465
360460372
22581811
940004288
446678962
857561485
837164076
856770663
661978552
317764039
551971420
565281697
968968783
953291623
852507278
391107891
852591503
990849226
678180774
338943262
425639051
545493734
826113721
632676761
210984899
348038024
937767480
24946550
28471394
551211874
687730487
24812565
957348338
782072989
119970509
349252374
138876492
115274473
655464019
925107227
217284237
190757770
630590646
36892321
7280481
699640338
540422016
144711800
564577163
533436237
792888177
452869708
164696868
120649124
771264736
522723747
712208456
848539382
522843290
200692650
607103573
291832878
427980528
633766432
649787766
828779732
316721167
244801578
19048478
