99
387375983
120597853
23982717
141190690
156287153
861104040
142660561
759402315
213543289
169814444
864207250
752399399
389162999
496197376
500388893
229178283
739751600
123929709
142456606
664927763
921801468
313093307
268810765
113595197
506141014
294510358
323606801
672094258
708319439
270862220
526647520
191296061
537026899
637500153
170902919
898484138
571605738
358995331
616690030
691234431
773321611
850420739
133092878
486725478
819681837
763235668
471329258
809108097
581820393
753043966
249819645
240197488
437808321
262156432
434090838
219145974
170845560
575622374
387385163
700251915
325322976
654018649
462526963
920736799
798087063
175967210
285603243
173503896
648325804
467213307
76396645
968371618
449564882
134997239
876976291
879225883
487378930
590449814
889989349
150791506
463268546
591578529
360538603
337226952
908365728
591936451
528817610
126661910
664492576
643462127
612202324
184015907
202405099
41058218
750056602
450073738
605950029
135760505
396013926
