99
503023512
695518160
191454496
657804541
170870901
604627695
44166030
119992273
732204698
153038214
381686547
902854984
875070671
897590799
376036554
769451903
880841199
519423139
312222385
588101061
327575622
649156195
59274423
185117406
844048762
814890059
899549788
122344303
823707613
97737766
588227401
577526508
712549875
217942490
959547814
307853998
964918653
823049241
597291730
587652713
691640991
620423097
266262657
304868494
705877363
237860914
213231820
152285428
60042155
951274992
201744041
109038517
43418214
923669625
991072563
468361521
84057183
931037476
784664983
904636291
842511866
42110613
81076772
667351582
871125497
275533626
967665013
784121153
573372773
263081461
900748155
137474577
630880436
179187356
811005541
303409589
342317847
2568939
133901862
409046683
578263325
99226712
859357530
587088847
755711954
554390730
109371442
127051742
557400182
601127189
568863676
294550874
172466378
128237388
580187724
176637889
242440853
281537006
768614761
