99
558319477
159151063
858146922
869472914
205189961
74605889
371464051
981781429
890743146
758053106
220575806
274257507
40126937
141115980
885407137
79138136
107618377
750804170
694220956
224294481
278255802
813037305
893206896
198613320
900531387
674671980
589378321
939563828
668683263
9522099
833474265
994819149
127578844
776694967
294539228
78051729
248852427
912980028
16500937
117172497
291478639
404025786
666157643
794029680
844105696
913739565
261893093
201995845
922027179
256212653
147334322
934784734
399218519
111727202
477943517
647822504
597852432
871082511
645901115
625409844
572934919
567566823
176402530
260937608
162121840
812566924
45502224
340254143
840177349
369487672
260499689
276004391
407675282
715760955
263132815
16582534
990647246
191051597
393143736
32805387
231144373
710695159
517069705
283503141
618478409
222484361
200373931
685467051
2325362
157952829
290921246
655408549
771646192
364365076
643310632
891403561
160101705
978768322
285491362
