99
725102192
289242220
716416028
697322914
808729954
951469412
455182895
311144489
926647530
787792677
805536456
353165285
409852966
136925178
396628053
477109104
513938580
539710516
175457851
26223453
353364352
469620251
877276873
769331172
158298562
899763521
200778097
68282584
633359467
740286303
433257177
854609658
690028818
442077190
951866542
648422795
642391217
631142839
293346553
16634286
827763247
559182168
60022854
186559604
49678080
671463575
621765904
561781725
843895784
350383286
167459656
379711136
95471103
312083049
102820833
645016613
429273413
391036757
47326016
230311330
565663403
733111221
940249612
247637917
939197444
855658972
696403029
988019638
550346690
467287772
379149253
471508074
734388028
770891599
946156254
723505514
594705424
242018068
863438946
387836775
484366205
13349363
953678773
151974404
798373470
386185376
624929005
937177082
263210028
333558420
569525955
876190130
374065257
557549018
572493950
495665984
878271968
502292838
56832511
