99
12900690
941232579
817076738
312268994
417668392
479055513
503517792
823367414
162075068
30219646
531574051
506536286
765625397
762375399
480030525
563150152
702014616
830508946
344591445
350317578
189325599
706899953
336345368
26278337
744778785
809462649
387573974
407118306
646075318
92523949
890481370
174568243
260361213
658290998
477944963
117548201
86333317
685879260
295836598
745989150
635039205
510073483
162233279
596778565
353321737
291754689
727356087
971841558
758823949
818247268
832923883
756156085
270299918
804073428
533192165
673323502
572092873
895000238
220250249
255224446
91001429
56996104
904826750
95561323
937471461
220910091
156693313
738975924
380535021
81161989
200562778
70198541
353229053
93197482
15228289
900622656
459672062
371907793
276947981
977389672
214450371
649585224
95549634
441957473
669809048
194158887
847799945
275682235
138633058
373549759
680212795
723851205
133810347
450220117
684898492
803026499
179526896
321316188
59902123
