99
908138486
856790638
865283887
395003009
670810355
639027130
306817756
664190327
159781328
776865124
845904358
371887557
40901109
202192147
248646412
651055645
474579164
282431053
208464910
345129956
562245670
231387144
751738932
362162123
323815061
499252296
633665131
292563143
264496480
130719971
920732924
149195307
697331569
784683856
862573747
463502985
385024753
325697018
518126475
387572478
93920154
856108762
970223321
342419275
224604938
503896754
496517353
669103573
753925523
49000596
791123517
802057268
39144602
596515947
660382126
392899271
614979578
380145284
355425290
590987230
434269797
865525718
538446124
104056454
194962943
280225858
785165703
806011846
223425770
474918083
553086308
633284941
677069110
767503965
71448295
107430048
954007779
863010220
482360013
47640367
755310335
515218010
494161811
505823951
394106543
359128457
423062563
394758658
734715873
711826087
184316695
683327414
685979890
970485734
832410773
663212509
188523942
713371587
798820533
