99
308407518
723887342
422932207
84006575
300810903
508481782
855384144
617019497
159502293
995689995
376738262
911970605
989348678
305485228
545028541
442904314
42471161
334698501
474296148
485896956
64429147
56755588
647421046
891817481
1324141
449643445
600464412
774967858
572273412
427498396
774948614
866543493
175480956
517400120
956244289
869183396
193663452
371870569
300003187
436806131
596950799
896594365
860680804
205619709
652365848
904646333
263657603
903025471
398087394
686181079
356680393
563504191
979649674
258553287
768422653
305498633
319198316
170975704
359653042
360341267
967229524
510836623
273035295
231330402
195078189
268967251
648585413
687956145
618341815
285088585
20913629
80210688
662575745
575791392
551507069
752651069
874734718
853621971
877471567
967754038
559577394
771225819
949368720
702784871
410441404
184658069
430444566
755902284
373851466
743758706
333461068
552354291
343350122
960480211
882630791
132575337
945280453
119938154
200550705
