99
370620321
104366004
908400374
998582665
933479170
139394394
262679026
870732021
848032100
528175727
18621275
558075732
243542703
426471672
294550261
869243020
150359591
930306980
722080355
240577103
627977932
171106107
781546971
987398792
916660213
247945601
84914840
31130590
337170514
678832474
211162465
195529951
766408514
558162625
788764499
701442882
194915621
576654513
702894327
170947449
984067855
300107467
252724227
578229830
212456260
883778322
506481568
860998699
337612683
184960219
272400488
633255501
741760973
569771790
510890257
503342473
16108089
812101238
467010764
706192831
553299289
273085465
471671693
102087406
867282147
574184640
576220054
380239851
508587226
353552215
380764669
720268635
857895499
634492087
128792207
13437350
877576102
776451906
719795302
532081339
811632083
421157280
558944617
3528108
230055901
608170542
597532941
555713367
879595183
950951878
256411631
617295392
636439946
180778619
956849874
941353965
664372157
423575737
970153413
