99
760726071
194586526
954357704
321605458
270882713
337160187
990063778
808176615
724591689
738318762
813934531
762581140
308650501
705205530
17919214
91059722
683043456
969156921
974643641
814733677
387446698
579261319
754256674
988066985
45744185
88657863
662076036
655226787
413680749
703991521
787755365
262196729
670858979
362908633
340649796
336618732
825546679
902591554
577381277
737266482
947622046
89068598
915586552
860066924
542518749
337513043
773669827
628640336
759104686
961372657
840099946
568966467
356244533
186106894
350052803
147745882
341080018
505447911
452105305
334973408
931264903
231940917
785304165
154263074
142177116
154487984
410791591
18959665
762975857
637600567
128873271
488837884
696212929
131725964
913602419
782424601
954223476
314279320
69529913
797333632
159601922
457588285
989826263
489270169
507644157
317211153
21676535
654552296
544171065
764726978
779399369
688558783
685131223
347986013
430948155
412489857
423583798
891517901
451605844
