99
691200728
945239321
376686992
358539726
454788653
365651201
688672717
86146108
729150729
68709291
382985282
881283458
155810130
909079985
298491163
886059098
32413396
395524095
285004723
860517343
735903706
431733619
418660169
991283674
930829150
564803636
737013354
137671349
408087187
387889501
888250850
935503412
126015865
439934201
134567080
941432140
712449074
391744834
784781177
920183647
369740459
36697427
432933530
417341617
146679798
75950699
109019585
467519376
721575003
234242767
779709958
983000031
192265413
809643127
758057185
702234234
412136794
884058689
2375628
745561899
868316219
80204076
823831184
744868428
592534385
54953269
448306699
709454288
411936421
56976748
22577876
21258968
987611389
280495976
493944644
662471981
29942996
409026493
475410965
525797726
533597794
510630510
438254253
521854110
6429920
660835498
283930554
547825878
356130311
702095712
792654701
122780439
750606922
470945168
889024208
529637177
387567774
892385596
110717600
