99
319070311
714075473
53932211
37491731
610511065
465308166
959115787
34718221
990474827
167851151
194102839
479487112
627783080
657816568
212320309
712077445
661577872
392368076
130307017
384250143
712103393
538045221
23309604
858642833
125676800
642847389
308052530
897447753
526912145
213258042
262457547
48627970
952229062
555439242
40090113
430655671
104702447
918788533
272570574
343532902
426794049
139321340
585948234
1061073
767207288
746680143
576830175
573856504
588837760
374732206
206063384
601239446
523045748
214223197
559574863
859648401
472737544
764868023
780027190
990919079
223186970
192434316
646356799
487447304
323511777
336399877
293251357
246950378
330218671
742587412
690843569
635635510
526294587
60155874
370523044
948261760
86031977
635808528
142671754
776404870
695191093
321731280
977583852
222744458
896151796
907958633
1733765
969403589
738392482
777802164
285036358
355160891
996422080
495656177
436745890
101751837
173986787
711911454
56690126
