99
131826622
96927432
574770805
781869811
546118917
246960338
63025978
248336275
31806655
653031790
930653614
589677337
905734350
363748885
81354261
876899788
812634825
474350756
740338656
374569722
67295586
288940160
135617762
49943627
143648969
972378954
488122949
88674758
559605968
996650313
828350026
890880579
322256976
878237003
71131383
372917451
912113200
867240872
133865369
319763985
38379479
98300319
94695031
739069552
408015198
522279512
621461255
99026787
371252074
149828062
945324606
747190517
365102976
388566516
61845146
301994017
558474845
263828447
964285749
52453925
155785014
472244409
940214943
912949621
109578955
84927870
888446086
214972901
982248317
55033259
850996051
132883599
616954169
937006091
656101928
394682706
890209582
497292824
693697952
637786558
588109321
245737328
41697863
86040116
474035888
996902562
291499897
843623335
533215718
335896112
168436087
118920638
535133509
389353061
818154532
478973798
181707141
777761608
151452954
