99
919254718
905755623
360827942
498667098
246391773
55239069
478030879
899192531
209391096
297925429
451438895
109579405
892935020
177775043
334725451
227893999
705317844
872983436
663307299
607336427
698993491
13099175
83828184
514958192
160904291
582262548
176417702
771000703
995608449
98048377
615655144
91051681
266242280
346296298
982919525
348892327
200238850
237636212
516724096
722221227
759166845
558580301
675337064
708540767
562843873
601791707
706315620
321277136
827144003
976119797
160451062
637160343
534344163
32328999
31732867
649560136
933936971
82850483
179743291
890188027
880343299
533612254
538672054
774084539
969930000
92225927
25252330
143691166
257558555
677292584
906378474
213129885
877705514
487547034
455589457
926955918
316798856
117105903
616245450
713524044
218801542
448776143
761927895
409215615
138524012
63350653
840537307
965743985
401673938
517940646
815905151
337412557
631169437
275609418
370301859
74524468
437049371
112974207
998015867
