99
330440930
550123207
905898622
994258552
543656616
988805786
188071463
713866824
571329474
797793913
675459210
552485554
716431520
493321095
172432612
172993851
23477429
222830333
905779044
604326965
130154596
192942194
832068701
439948060
790594512
935967121
825147904
439428757
613771607
806601157
997164386
343142195
241324670
323285813
341133468
302450422
140061406
610331429
17302804
934638541
66979882
531631205
875500772
973073080
391257311
409792091
393795077
311423852
183547041
636264979
995128420
348398922
435681761
192013019
273762132
844996943
32163997
977061376
380250489
153039012
804394989
648288583
783744988
4649745
150667720
300725322
608981328
45130520
40139448
478445511
760167998
582715767
920327609
381360358
543255378
330693504
948983602
854455108
407034847
137880833
976139806
881223824
811354537
738019922
182947032
719539565
989624455
558232557
821066604
398568293
282999096
977875660
686991129
544332376
939332213
941124658
480815695
271051247
701554805
