99
754179854
598483894
284951309
279526698
648266898
2678776
565849490
46329732
635735912
771320140
468637560
181779242
426056136
162694990
408264209
688076362
411904988
832962637
135288298
293338641
96210843
440302530
912135972
400577693
187264282
161958397
652682059
994600257
628713391
65889656
825326055
33729466
313046615
520784230
40995431
222701190
920541112
987278039
501857215
625356269
609016652
746806421
226294135
700149785
428204495
131240119
542056647
522306789
656293389
457592459
231125086
986788780
435608065
593777221
904862368
737797729
542476442
113073703
280302052
559365355
678656843
888987724
706100044
644095361
483094832
929504153
672986780
798484445
514581308
391407501
330509939
158298028
303084280
221374949
853933109
825451055
466838230
477764884
183625493
4395601
327140451
71888465
369333516
975406967
342267617
191544554
765018106
511299439
69733274
479738943
392225012
887430574
845963033
96703775
905612307
502434495
588305509
782103844
407230388
