99
567402221
305521172
825963138
330078341
378231293
48396695
337832932
477225181
766023354
438962410
254029063
45623822
610668432
788490258
569090387
94555444
824103266
407128912
940311808
314117492
508022405
127152020
521711401
2906704
602076044
72628230
745163558
736378063
355408958
882950461
277449563
253602893
440503029
934866207
481051589
920719375
805949766
409870496
983982481
281579406
572965054
867974188
614940939
164580666
15257419
411723380
722944722
323003150
882081754
45955254
218067917
144732806
402179775
982018260
119571637
464821419
64387805
222244569
19783603
414388605
86110011
467113566
460328552
923795141
311302836
52598496
925933444
558662256
941900284
469325775
296830764
968398551
29204176
360912832
491924685
122499415
477599698
366003280
574367077
450472848
430720757
289236633
488070642
623116307
496603615
924789477
46730620
192513684
750367606
862819558
113971209
633977846
702077147
392648781
640842890
792269771
519713820
717173269
758956460
