99
227900479
557285207
548779995
439219141
840958103
532923069
608001356
840249585
482781394
796474165
403526550
35244249
693330082
332210894
21110291
54618310
433390109
970180508
308180773
137066785
630488259
248753320
546710106
373020783
745150272
869855872
152468769
288332204
788402038
727126413
315100250
898161856
529027888
561438454
617632694
247148258
930277686
499958775
837678312
480101239
627832896
889951289
435889939
624110993
197586675
148990808
340026545
98397873
116542087
84147052
39686611
138082910
132766545
393059696
200475687
42445856
520288354
353034473
379638855
987781698
790713556
99470261
232387886
941019432
90697628
918058922
84200109
154011667
840162137
532499459
93963328
763862567
78416067
27030779
794845360
762909822
788303053
527589599
985448344
357687855
527364447
94893730
524735345
360100711
436656881
434584961
792691828
967479540
915534431
421080966
272295579
508822736
428519981
459300809
874352522
481485278
623453304
540900739
611119974
