99
106622284
869764786
276732619
482687193
819546002
42406467
190662944
599558231
519592795
480422885
206638571
24527080
556945294
760943972
785633705
43161063
374555980
317642505
536306071
714352628
131078102
934409677
132891485
423800291
898769112
813429803
21216603
86607601
602272840
432032124
347088689
554379045
686688838
307540630
709468284
587005742
319656725
946034478
899615242
219011242
972723377
252454304
651242318
27443630
668625129
918124722
14239837
81419073
62489250
719140678
227885614
718952614
715541963
248125792
446438218
975964960
344140509
439208006
836970451
583558866
485807605
399424824
387937969
726164305
620598755
73648318
31526151
838746259
545570481
661240575
995454788
385237523
671374887
254274083
593360268
713145916
813970884
248488187
11548653
11649952
961556523
568269886
930746433
906919392
539762127
294402565
135153568
746571440
895802236
155233025
869730842
57722807
225042726
968624921
820893214
141850727
914271957
964615520
945278056
