99
334778486
813002398
53534116
927130534
525219717
463871845
434122253
469441833
479925211
59874373
990428260
217960267
694202911
216882981
126635156
423735126
565415240
767378793
478395262
347912339
595016593
919357818
286671646
559748211
940337913
761312577
733215876
800959742
99585549
328268037
751592138
634574586
939365215
208810139
373787728
208838654
929663645
379890888
382822828
122908400
495475928
408420897
289084168
814653314
175766435
451752357
843536573
955281414
780474857
426487948
14787649
932683599
220119755
222284800
78126408
789854546
467000998
343470626
571561702
501782463
603637271
426241326
945182785
276117550
91312351
564659314
261374151
367836027
431022170
919539690
968350319
478842610
353478678
606370474
900218068
447265497
526853534
321260063
661229146
575668167
144577191
168255832
385234024
844338513
187730604
950112783
306205919
748676193
545519370
538642704
870381816
801364931
913677964
354759404
887270503
259817471
478320403
2655446
243102487
