99
693160486
271729037
420547620
46428282
959898301
889430461
973210854
211012853
123546480
306764018
925849614
349391805
738507736
656774462
670474207
619197348
59008424
148965510
727147254
913573575
844592988
667708776
159053750
625950092
352027032
216240391
85488654
82120012
559508845
732651543
857614638
706465828
42578897
942261762
274808550
442516147
149273752
411092927
953172963
644914188
516857423
512503156
665803684
743156459
157334161
716731869
134698129
718423357
781310103
708335560
947372257
70905027
361577544
105704524
361509798
916806643
906220728
563851598
723093534
704147778
832760052
792241607
823856545
521924796
273634616
788751183
124568738
11647212
708476576
346534963
332409847
888780904
181782556
930993677
428077700
129712613
860178315
617778684
954019398
276608724
318429
358900748
456831986
304073617
988593492
987596298
751418133
204487493
994929197
953257851
100657081
206788105
882581909
877214886
422834598
546415443
631774693
154656906
308671292
