99
109522083
596751256
213784765
40341160
932981692
648585976
458482655
573530382
505016842
218476867
251825143
994704397
268819825
435172064
32807809
443525816
728732704
986848554
46431732
618342160
343920771
526652827
782681743
319999662
242102041
400041453
549201177
104485319
715607684
437549505
641632425
175206721
895358441
974152974
289542395
87218468
517720398
327150689
793931157
503841219
744586635
828841322
197734452
921950980
19096299
87204673
512214136
567228118
109922331
156012494
394402578
708118215
638524942
943819177
379526760
809088276
350762556
809254417
325505671
148934135
9518425
912838364
335101276
255659675
500986294
524937704
139393083
127753463
422871040
647620872
946099737
531641429
714266158
164672321
330817462
30484424
957105012
623716315
323427154
357200740
128777032
424508486
704056364
318972323
946044397
424683326
683346545
171879193
916781959
132252921
487556143
477881350
557989922
419322904
367524359
798972802
365061512
326443838
677271310
