99
959835083
865941245
401570667
721421315
264804521
904219856
649710126
610375062
401586575
880354331
472414550
506328064
563552100
799985723
222962084
975231005
847841282
120338155
473785086
498946213
689482020
543619842
328260057
699159626
682192228
450805366
303504533
553807188
184685750
443913744
44259128
700560058
964828404
916792247
292555721
406919562
30499168
893967152
179105759
996347830
474752851
29730330
944729860
342319894
404844932
142927377
355298336
786428861
189548459
659156027
42905406
88203426
979700876
896982802
88463822
271234895
739496979
649407763
463517043
345565112
54454849
98489579
810277855
172001638
522233747
77673039
192361260
488464375
336844983
347227080
40253250
520074340
202234744
393663432
861594285
346548955
541347499
221533050
974343957
743202652
79544725
564001360
994243791
494079233
864390872
850000015
325507258
301151834
468759771
652972185
984131335
645782169
503989764
265404956
272776115
485131392
117250426
952943833
300047679
