99
287587022
803470896
696584938
139240944
4048525
409866166
767593541
665617636
924033744
830330221
182673953
755691753
63526324
244122170
773128921
414384023
684671940
262381254
239528903
658565637
686874660
563422409
319207033
801965788
232620417
167557302
100794442
299515841
452635840
727580557
63250444
419841599
812184064
218228077
650330150
596669309
985728605
404280548
724380112
658912590
464934825
402738710
428547663
705347118
324773706
970661749
4853679
12061592
537810644
751829741
155172801
98573729
962964835
597008808
594292918
160239851
757120605
848116013
419987130
827566679
233544427
227730822
843805793
516790591
655657875
716966302
122998027
566372258
590942041
86795758
284210177
276457712
873660532
316183520
614272923
925445456
307055216
294140292
419788729
652482367
695373885
538372188
863637566
548638781
862500456
315788641
725882345
272848030
264312421
904989846
309735144
417807379
839904997
601993031
584658822
919995817
413706469
990117475
324057156
