99
32424667
798947178
142892024
960941358
800227529
482382058
434224727
908640347
788020337
696112920
196296145
64230410
770935719
330086374
439399374
41011381
175023311
449875640
588482760
911895121
882465556
225792701
349019709
239924977
978338981
231337037
460551517
572094513
631124064
496772232
975542115
329899209
219207258
518003947
957702129
600801879
467848849
934729495
130066762
964808840
60394070
207727095
844479505
974178191
513238223
52554918
856927040
296361638
528820956
689998726
772971326
553128070
744070001
236841645
377431958
451490660
829805298
492382412
167108360
274505987
150266195
98527918
116450344
777886922
731329447
12944821
444414392
622928900
245807951
696727326
237826173
733034272
671098183
988408253
619597084
958187856
299803207
689885970
646326741
819020572
44109903
575853152
147285888
886155772
775203384
590471201
126348051
231308312
149957541
656685220
62429341
233914262
593533673
600306271
295132570
318212077
472137780
821194809
78935757
