99
507794130
111590068
722916442
629263217
505127392
795157209
742619217
498621997
313011934
559084274
557532548
889330249
354763114
557208929
475784962
539244810
803668829
326136636
602169187
249782002
973037805
448757726
955576893
667542441
13305438
900834674
404922371
589603278
918308903
43504688
541560338
363320889
265222257
587077765
635653801
289241986
164130257
237889680
655072292
135559336
51265276
423734919
883136918
727870746
609514018
142674718
494486012
657257828
145452903
994254191
132849169
252771189
451101448
261874579
416011412
77265175
419541852
973181443
874738147
314748737
161184405
735608102
940134897
628910764
479684973
10898512
665791177
711437126
78162135
325321149
464237730
16124934
401711526
544875355
290053946
552891429
820930540
946913018
436649438
147955280
231626930
754889801
954409862
110759388
693676113
863515094
735800883
333560173
959335515
185731156
829909216
841009852
387621681
910514177
980888153
304528253
152245907
509984090
525433106
