99
534811531
166441561
444683307
981465396
130561340
939866897
172756241
142219488
227583846
825924936
607379411
181377535
446790952
631891464
931994755
980833810
472085596
915663147
581136814
883611267
392788777
843166858
816168559
568729609
615014119
152329784
2950590
489085819
573252421
246865013
615676356
133736090
706760285
323166840
371469123
614261092
399968794
581931759
578147609
159492763
732381680
168202866
152832813
387981352
468085724
125283472
867627739
698618204
841892380
230688119
463772484
756631080
627035969
297238349
91583826
47851803
76609842
543879914
508349322
417791406
64110648
109191828
489382012
811483708
813527127
787717977
536702047
278983396
473684273
377458837
379069186
87636202
660896822
502762684
206046769
899417005
842433563
795492057
109171159
748684786
662853494
504846127
237825291
262046091
99081445
439620874
647668616
338611924
116463963
21379977
676655020
170448412
974726300
273181191
659098198
533145784
931503362
422299675
772465293
