99
877384791
923678277
855395200
194525715
865931961
773382068
474949191
481134300
189747979
7030585
366169503
661934830
688275196
129352438
410949537
342160131
910077529
224520305
852577957
527483413
977979804
534892351
731781971
15415669
386224928
345511054
904980771
306403206
102612253
856331465
969860582
37266723
105202194
481214068
945983229
779379750
501174419
391224004
519553277
805092633
170124395
859283431
859416500
261609744
978182667
108552610
536532271
92736141
723607555
6905471
919498691
137806406
153816040
200054278
541004293
871161947
630562218
682151197
715232220
531328171
630012433
991960009
382522984
314106544
407185096
587649250
357552333
839786304
246982354
871048183
556094932
626631850
523696687
686145977
86025845
227158598
54762441
444410977
604157610
876015802
847900446
325634684
892763600
338804515
259431803
905704040
849265170
557869585
596779088
804854977
53033713
47315342
166784369
683455262
368920646
925683369
163049413
611950034
908413617
