99
96374932
313093040
644460882
738558852
827652222
767779978
57287392
783225755
21981345
486611299
210521380
441073121
13224971
305107822
742338983
448781546
392596638
137052730
399484193
32953633
526683605
131857420
473421558
590982177
361434391
376323367
706446229
734914423
270278909
330214275
357621682
524345115
304796594
431758961
735424988
5849951
597962963
226569739
488558957
654412908
399245579
570158663
829499517
386436748
348895857
278172286
178272282
431676564
146943539
211773040
176575120
96211977
891575554
598607929
64317752
680546169
774052660
628660824
91180667
626031939
591862143
396236266
680236181
815979644
422984751
187934201
209263713
328806446
955439455
716964363
947339936
839720464
337526609
815222030
548371091
558585924
494682267
973585609
628275963
806224734
665549338
334451555
151375833
481615625
461410382
758821025
130143021
799039282
804070902
962968968
102776107
207788663
556590296
392455349
896753741
743513910
9186421
427866925
469100943
