99
68426530
561938574
571917560
588296734
632725888
40051102
949029483
25400789
227633566
751138839
257250244
494445079
585694502
888376649
709723946
292795620
20069320
85873201
620980288
469666083
77870455
578999329
884191325
858783638
754064233
943947367
847988305
426950637
218930107
758529358
296733758
817572464
708294189
127782451
893708938
825912949
530352546
160500694
982049199
177472412
18390998
687755235
78588586
231202541
958739095
251930590
102099901
205209482
778820288
841826360
32189909
547124975
177227559
321132421
527345412
663531128
284496925
355533644
892799227
780306249
548525020
510059402
409953442
612876697
354818278
271049995
493907577
600917993
44582690
509000139
835252855
295334228
877887145
17456457
614099369
422666157
543186102
282174878
566778428
622125606
680816179
568026479
463411979
977405732
118584588
457396933
960673877
312239978
53513298
553396241
909784477
993948045
646604215
734841008
179515401
469325297
756108189
592653824
809030811
