99
492715727
539736701
223864867
588785831
149178052
61123060
554628614
279814983
488719401
50163107
705517115
262535252
28815350
83334303
659216159
750169014
757082526
552565988
508573214
180192772
303476993
418772685
653516725
89013057
117701788
587157470
40445584
733326271
444451637
66284568
708595218
320535092
732212856
674314221
991838756
22314134
834228469
969356297
692822662
947455297
886683752
72387648
459507848
532324200
163910435
23425742
435057067
668491229
529394272
588380769
188654482
295798771
248911067
344357353
343719398
171285428
178908921
290867256
571875007
21937970
926370246
722051284
168942667
561632174
662702528
449143477
949602574
501618157
818366857
806033620
933736010
193395929
306246646
607267855
48630774
337024810
85700283
444736282
336722660
888450113
776980543
537792123
181420949
498073927
994407484
325657352
908097196
284502341
756023356
250873119
252300378
165972915
696136834
419021882
282345096
157244607
221031690
377033843
582587351
