99
369613125
731346167
299558659
60986430
703858796
66400840
44171742
920334759
342632251
742491331
621353438
633631202
713936853
522535147
851336999
600574846
440908387
465167786
156774673
477033123
777402769
933418202
715073179
523301262
713555227
81299458
539279564
863494475
260503657
823089078
12946433
402366942
528421452
421891364
250623869
875831808
191334535
622532657
553425502
333547514
366394360
318463393
993942951
483425037
615132339
469474152
716214178
371987455
440029395
857108383
48887134
21212177
3026571
459983614
772914696
486618875
112145483
20071182
698131603
766019669
516270380
138722741
986010802
865482677
50660847
563757362
343699350
228583497
106321872
880310608
139827204
647023540
810141592
400422677
474644627
553401309
23408688
465542317
437222458
421167757
510396420
492033960
653540753
592240547
267476265
240443248
861340882
578275508
471943560
325046785
569617881
234916217
821453137
186345189
657118105
914868296
434762633
834788403
98020012
