99
159707857
464199095
194475322
899756763
1205153
787530246
214910109
701659705
193096786
107511009
514759386
67101525
542312630
785207139
92643556
722263247
858190964
610960378
464187596
994312761
494135800
116087106
212112851
954133
963885793
86393845
105096169
518528830
85668115
230667983
299066967
161281246
342880509
831616433
853177323
395415699
698274348
850785316
260739451
131107659
380967702
222304916
935512151
316275544
89103470
94586185
530922885
50589144
583135677
591019863
95772113
631271519
299052684
853175099
787786323
949009619
299957747
410602504
578054896
480617574
350153312
82543338
68028767
814535605
130577785
782548750
399779363
103544663
586598240
568106195
688045070
659920193
37833878
442098550
642990334
911946930
105563870
484898456
680588823
77958016
723924691
748812396
494193694
708238033
307048863
455190661
240001450
813485558
157528007
290457786
41466185
818980558
330190792
228683283
65705663
434913178
752296887
328027208
3086753
