99
490842466
97830054
737590348
98030737
590104315
554537190
673243028
8878885
525192500
798413635
210562799
302253743
185939986
750930997
19242155
944775949
512028871
361702226
518350899
463433707
756353298
798960562
693686290
671872637
380941256
519453155
972091935
950848024
18143872
111399613
619869255
371981426
47030257
276126722
981382894
696614877
852848960
826622863
469207307
82644075
970650922
368386582
847581168
437370188
947949282
732903918
249997123
600055329
963864679
237296084
568214106
301352094
826546262
856832979
57873676
365226944
178644042
392954347
991165975
85355553
640916752
913381833
224609084
784813689
869607867
104785501
786853075
941438901
77022463
76810815
418155789
595817580
489446355
996733634
713441604
596610536
679070885
465595345
624048970
761668451
196283070
76792166
125294079
527264720
296957549
782860216
998888624
694763223
313766583
925739896
849857737
685092937
193177487
422532557
380313849
204322777
580325933
630922021
524053853
