99
613227711
92500482
84432963
181198484
4901327
505129006
744638187
631296089
311250518
367252867
418175717
380308486
759781406
970541908
953079035
166910594
303605693
892444918
162649533
913583323
884735107
680790746
85927881
977588806
532787446
425221494
313080480
671829643
369137025
745153752
999169457
437560923
70875248
364885548
499425943
168827024
323582202
692697172
220750795
52201075
431050848
791615541
318762781
645774670
244004166
785945187
317044998
323524044
678738777
812936262
798971843
190020279
486298309
148382132
549676894
686645650
402471799
70728636
484064116
536790339
904253023
489293481
306828275
800985097
249064511
830326118
67748407
710879690
974016947
804762261
248944398
210251559
855432511
649910447
44480733
696856890
65968551
896477955
63015180
842949276
334119530
765806779
308194826
681050991
851163871
44347955
570150868
33662989
85168373
745388770
489477841
343071051
693048537
845560378
545492996
391948581
847385083
266498627
162947786
