99
137806882
884291572
144222391
631887429
563654636
756222245
326255970
562629415
653966518
698301210
495024644
175129140
67007950
553554803
339051799
573790537
203634033
702112586
15077869
669209747
238167029
485436256
832601146
209456069
471799613
985163189
668756583
54946639
905684761
784293660
421228091
95764710
50087334
166446813
773183901
664877094
78314157
789842276
215151552
116725175
586416055
546066529
451588208
391569052
534238694
883411028
717023669
484603038
831818708
839936646
316035188
647317879
523839854
129671291
937738746
151539645
408419817
994148814
50640781
6040464
343151492
184532430
897039245
366692342
504928538
613798019
660013443
413745300
369528937
461699407
389774700
850556476
353933772
707169295
49020445
37257337
815594379
769918321
723833948
536256953
283426795
269775676
589634718
17849255
938005706
169642609
663249401
202831105
657748085
960613276
56474497
90971098
975145510
729833276
882430958
568615955
729471783
504451625
884457262
