99
405497324
109625828
41648117
34827557
364850235
973571655
279464487
244735299
647654941
726456200
335763025
611361841
911220324
477775129
364631412
374710831
792984260
985766124
365807521
231990556
796138060
232500130
137330358
404589262
78074509
398096587
222180818
115512667
832054370
803674598
717411823
100190583
496830462
700044559
653086618
504718951
90710120
875006666
747672672
36726476
20803230
934751551
221210119
248651972
207078493
417704827
552632388
673257695
427736823
276936468
512090837
355005284
236583321
296713806
550846078
833237993
372247445
649139168
481512874
63908702
671024551
713320823
867172366
250330052
787895836
714645058
892520320
563493978
263532712
455299464
741735150
926620676
310829265
634024074
36183203
23286480
788782745
485995475
281157673
442142871
780394077
628701634
629145570
498643084
749552378
653488129
245088201
757756349
564354400
955276343
526351474
698854911
155907491
403507938
592990527
532816906
183445672
722580028
842145324
