99
930893890
212508744
367201370
843671890
268642908
862914771
84102141
68631014
885298750
35089195
335241989
544242695
147628761
439024000
446214148
339087355
671966241
756528845
375353000
307959957
543916447
744180478
414709860
247602040
892537930
922458847
419594897
969510810
304372357
123714482
188732410
326277517
837717174
816614344
497292062
269125294
221511143
411469902
672026299
877360808
287081211
74674456
97381063
543368880
975876565
476312947
633129278
439967002
333787852
408070398
858616702
554406659
467034909
883687598
251771976
415890874
670944076
141735541
633468617
473653810
503814709
391908694
597594756
362992129
698379969
492606172
708685713
567820730
750293839
394308696
821638606
721779829
941821589
25103422
143317507
630430060
701437044
371412969
142602289
378461453
276715922
956511864
906855527
191972310
918895028
666115808
923362595
818440851
731913244
159864837
288089683
147819897
359883840
343103908
812594744
463134384
76909084
307964324
900808765
