723088960
456051154
187470243
1124821460
1288917654
219883603
1319301620
175407670
1758283330
22602015
135612092
95962485
575774912
825622492
31054840
1588210106
1344673216
1678910374
325194255
1951165532
266872099
1601232596
1767550518
440882594
554729404
1259154190
425416790
573366052
1247379006
1168972074
494609658
1994717650
694823786
260237166
894605500
1952617310
303941892
1156147302
210065551
1260393308
288097237
1728583424
1882991162
1140756142
1751356708
1482439476
1907189052
202981509
1217889056
323828772
1284347546
716228338
538255470
1068309154
1228461954
1906043318
1305587548
1983701366
721834800
109537987
657227924
544415094
28911820
1676575650
252540226
850851444
1196267750
247883103
1487298620
778498934
240877203
1445263220
1043376616
150541113
903246680
601516046
193825608
921137310
182051075
1092306452
1191482462
1047642094
982751622
10568574
160052229
960313376
200246104
241851681
1451110088
928905340
1971806346
953674900
1902583134
224197123
1345182740
1375794494
1998926088
250618204
247222746
575503126
84962832
415583426
675530280
1292146336
168739454
112668665
676011992
1525226210
194740867
1168445204
262382398
1228854448
349805198
290112082
1487494896
308255766
27137808
329993557
1979961344