747939162
1225853952
929906690
1534405720
565212978
1527808696
477159252
305691481
1834148888
1582277740
215804656
403677634
1852684798
290040587
1740243524
277043666
1728532080
275946949
1655681696
505197276
1423065134
1375328704
239415670
160150865
960905192
1796779498
301109987
1806659924
759889000
1137129820
1535669532
1498201686
1628149624
1201266228
848291214
1977404712
1566981592
311985846
183644755
1101868532
1401411962
1171111072
1329772384
246892311
1481353868
1473567578
1510642654
87093547
522561284
111411853
668471120
1360670398
519017188
898373172
1799721012
978856110
1229899228
92377150
369824928
477435204
590952600
899180166
1617361266
213735448
1175594430
493710874
210123912
407283074
182091057
1092546344
1550670250
907295562
1556725678
1964692656
271474661
1628847968
1492835944
84143944
738541348
74816083
448896500
1056734862
1201299780
896889310
1276260784
177999528
1463418304
1718571444
205083781
1230502688
1043877288
688003672
765344788
1999110050
65307461
391844768
283739794
1108331988
185722063
1114332380
1842610974
568710830
741882070
220044522
676523182
147401693
884410160
1734899762
137983059
827898356
1039948918
1194652842
130005216
858655334
174884833
1049309000
1659885874