1842870924
18015987
108095924
697943930
1824843768
485427598
864932154
1723753918
401926670
1198874542
1440785562
905876320
1177418774
402863686
1752031860
1756302306
1686936602
1918542130
255691097
1534146584
943391866
279014361
1674086168
759232950
1948912826
145912488
209011380
206328034
1667409064
1889727700
1312151800
1805995768
320151396
693772948
435559240
1787616106
974085544
136284746
232296387
1393778324
1559934198
180687615
1084125692
881889026
1216201334
280436934
69197294
604102180
652029936
1607751690
10473721
62842328
1757201628
856466596
174240735
1045444412
774351722
1453228466
998960404
353324834
242423541
1454541248
1640946676
363878274
1087111960
1005459622
1967390266
1889304232
615340290
1606100098
1171853772
1021451598
365930296
569025438
1900686364
23558100
1288942526
1457894844
1913778662
319966106
407802302
1199232434
215987651
1295925908
1084851158
1527098562
152510390
451606908
1640415648
1162298686
726515742
400754800
298950843
1793705060
323709220
874473372
548118362
1582467444
32411508
192355858
193750072
269016391
1614098348
380063530
1028026356
39827400
108107438
1245456562
811838258
1450288470