1845526730
220139362
1982579478
1403849010
245589538
1400375222
45559218
1326899570
861606784
1575446382
802618836
432103824
235362553
1412175320
533012418
1418024378
1218498372
456696384
1944618030
139956255
839737532
508357428
866826076
1395795278
579451914
749759182
154034272
1073593438
1119346936
890008030
486698532
145028406
207078556
65133041
390798248
1362184282
668761600
140392562
1873643698
1947276354
1667863726
166820515
1000923092
1469496170
46925490
958074232
178159319
1068955916
1747480068
199284568
1601576736
1237866650
713538426
1027636062
52844661
317067968
119890345
719342072
163998964
1050682634
262467202
126651335
759908012
276267077
1657602464
19987564
605629146
384700550
511819288
263411034
1990041810
126472770
432306714
686190422
312589043
1875534260
1452765510
1455620490
624513084
81564626
1603858214
1768154680
67054807
402328844
1346218238
1409432400
255615531
1533693188
1721240882
1731194940
105938773
635632640
1272004734
669064886
453733272
258105106
1843732966
1422935418
951585426
287701413
1726208480
1149081618
1111921710
819335222
1030600054
261169514
148091141
888546848
1258704570
377557830
192657342
683384514
925996492
1495947690