693667574
62641010
1652407418
200953291
1205719748
170048481
1020290888
649567994
279871601
1679229608
1288080702
126442284
13983693
83902160
1057481498
60530913
363185480
1754001264
966164604
299220933
1795325600
1077453446
21677219
130063316
9996105
59976632
293198061
1759188368
1905697446
419108316
714360694
1424305294
144582586
1925793918
1662628372
130052489
780314936
87271773
523630640
1015632232
1824249670
1619506320
426698990
1632036554
1676758162
1665230784
102782225
616693352
1615158950
1813072858
20048818
1966328586
103899658
1542457452
1855485746
1830251274
1985950262
1286046974
66342515
398055092
341440780
370372140
499161834
237607037
1425642224
1332587542
1784059694
932693472
681955458
1602120244
204536347
1227218084
183085926
1038173946
142879078
152520989
915125936
1564016964
1126170348
201716191
1210297148
1431559198
1983527890
11070529
66423176
456221956
467080344
1965700618
1131906528
1774414706
420641006
40189790
742750298
636849592
306312955
1837877732
1886662282
488122444
1165766474
383866870
10426811
62560868
130336314
1905236808
261718002
1872904792
291305443
1747832660
1107631410
167466367
1004798204
1943111954
108459399
650756396
1779955938
1462850314
869375246
941580766
1162394176
85719246
111903938
204799062