204798078
1952537874
206076502
1846244044
1290234624
224841777
1349050664
379788348
1996038078
706143540
1580786934
348543328
1733098070
802129956
1961245608
207266548
1042719698
246538262
638762320
1196429130
245829014
972130622
647895010
1757688462
454409294
56792486
801246564
211991877
1271951264
11981200
75639718
227116128
331468673
1988812040
1403687944
19199442
743841916
204060718
733302518
1503275294
418364882
1880016648
858119910
380846844
618024712
750173838
1483522506
969027192
1075930914
785906788
786685048
207546791
1245280748
315276973
1891661840
160647410
141534568
211692180
1644914942
1513129236
143220055
859320332
49721397
298328384
1513479190
470495878
442107894
41392839
248357036
1414480216
1901951998
1005307150
302100347
1812602084
1154278624
706791886
729973480
613623726
1862524114
203242082
1345340118
1216404736
1621061198
1232948460
431435740
239790606
1321248246
183819017
1102914104
33346809
200080856
1497046320
87459414
195280275
1171681652
176660604
324267734
433300430
1156458302
1161096578
1454864294
242422165
1454532992
858670144
500063596
35083010
154545792
354791178
1404042504
337624512
686815250
519391758