178194827
1069168964
358733630
527098286
1686031998
1277535564
812517302
1021040770
265245681
1591474088
966849012
445959642
1782634848
37508113
225048680
603559728
129689978
1423629150
370954336
1996468334
1278695438
333385562
229261740
498262842
390182994
1791868792
882088850
258732472
74823939
448943636
1961894304
347976592
589654382
182146840
746362588
548448760
196796203
1180777220
1342560888
177937003
1067622020
1500833838
1741099782
151605445
909632672
1349224708
382370994
257800908
916608172
175176455
1051058732
183540457
1101242744
310497202
1124766264
426967876
534100142
1474685760
1506600300
1059241554
823104100
17641325
105847952
829845540
163929321
983575928
869951800
199695117
1198170704
1945098270
1913479696
126396493
758378960
591230278
1035314698
738758386
195062507
1170375044
98110559
588663356
799775178
392093826
537523670
696577812
1438894086
848258898
359821048
652567806
293204425
1759226552
98744223
592465340
592463478
705878212
201237751
1207426508
825605016
856177290
424831504
132905617
797433704
689260704
1335153076
80617843
483707060
296196673
1777180040
1802941156
1829121894
830857120
1780019514
311195907
1867175444
1095949872
273757327
1642543964
124790129
748740776
1880002898
1856623966
899198754
907188336
333246486