1289436894
442924768
364102848
1061106316
308387844
1443751482
539584062
1258673634
44098696
1698186526
1616837152
1718179098
802928974
719363544
1480027680
1266923070
1168144262
1250469460
224548637
1347291824
1663844270
1040074464
1213335322
1834532442
1771070774
1449560268
272495783
1634974700
1381360020
314166832
1679848582
1643969358
1930050580
165941607
995649644
1747492102
292821121
1756926728
1635441220
257725476
300249696
251227386
229057746
657556742
1802449518
220765442
1088430734
1868933322
449663980
1595010756
35461490
747712150
640044830
941485018
1659370350
1453189206
1073956062
1879995712
804286138
1630839274
1597104216
1815810844
916402042
1741989676
295734701
1774408208
131388038
882802798
982720382
1965704010
162590001
975540008
1445692092
1341678266
1394917874
1714024706
570760498
94836639
569019836
1340990580
930359510
1211844290
1714037838
1864057452
1753059448
803153382
1981101328
531526434
84930246
646444298
134957028
201235365
1207412192
1904246302
382360110
1856206594
1024346518
1448842882
823095002
1137252746
1370460790
1922986978
151251485
907508912
1107021952
1643124040
1989251188
708269872