27228451
163370708
1029741192
194490306
1613959682
23666701
142000208
1267450618
1816190620
157993793
947962760
84381756
800051706
1067984374
448686814
1555990826
1848108660
925214236
1712341106
505011844
1280601454
1019690748
1038779982
1087048958
1040578102
133746627
802479764
421671138
69345346
1093379398
607046234
392806198
600878878
698350296
438751414
1687333670
790049746
619071790
1845464812
1535599204
391686930
98057029
588342176
329625507
1977753044
1737720076
462625010
1994930102
1721692812
1547245082
645454430
1189981980
1524710226
222346956
1466036798
1722575404
1951318838
689950348
177439996
69223146
191657542
419792394
1878795604
631849910
440342760
163882204
577689730
1381737168
179939884
1687688760
574374038
1244669510
968602956
208780500
66110998
1445712494
785963020
548923250
1162527714
890469774
1511334034
211171525
1267029152
1525674538
538668982
614438002
100728712
1517120758
33802552
931087396
1392343358
850292748
1059808058
582853430
1096249516
1374400790
876413786
1443695352
752212200
903043546
1169769246
388107594
480105418
735651034
773364786
73631357
441788144