616378482
1800810546
1052878002
131241345
787448072
1382853686
1923360912
230461589
1382769536
1236636532
724135264
1150054086
820451124
1947160046
1675671902
1311009808
1119933558
914414476
257983694
740783510
458361926
820546830
828654540
1420325322
1256484830
1180102240
20631486
1382144038
885085488
1198405202
134038017
804228104
403602070
293552978
1370513376
114892747
689356484
255506616
1212866232
989266218
206810498
206248565
1237491392
657766674
621090390
919055844
1001836000
1416998858
1152803148
1423363702
1017993484
225186871
1351121228
149111137
894666824
387119710
957960102
291957973
1751747840
872044202
1924410974
749159766
88965160
310585605
1863513632
59091866
492096528
319301147
1915806884
629968630
170938416
305368187
1832209124
1384721558
88327069
529962416
314041541
1884249248
1163098890
79736611
478419668
123363295
740179772
892639500
1258043434
178226346
1758060084
1511495758
1446746284
944225386
814916604
237908969
1427453816
175245096
81005235
486031412
711710426
540765418
448135404
52368617
314211704
1073366178
236697215
1420183292
928838242
1234658058
1048983730
1243519914
1826130736
260072421
1560434528
770187686
118511934
306092589
1836555536
309775467
1858652804
322209939
1933259636
58862385
353174312
670365288
250060287
1500361724