453622218
1707057818
1244294518
1278558386
115725643
694353860
1352425466
1241152372
287178881
1723073288
944090388
1936053768
249446988
267571849
1605431096
1946719788
130111642
712874200
1281107514
1614632112
192743411
1156460468
1280119106
281298270
1836475874
1576843612
1104812334
1166347926
768268264
254480088
804613670
1386352742
974628098
340729294
1579006570
1862599378
916218106
1026738914
1326590824
1934789626
654234494
502501986
1716818614
698276882
1427700948
533022986
154549674
155979520
215192202
2317690
1992027636
1335818610
983057712
1597860688
499032874
874302208
715512590
1383846868
1379545082
730984882
1466242110
1138815024
101277057
607662344
1842344634
1840490544
243374200
407091326
37608483
225650900
1014834250
1990448850
1810139404
1982753772
193964677
1163788064
375702278
1193928444
371000802
440075644
194908072
326100148
549665404
1042708614
661964872
810259130
1790571630
18947923
113687540
38872578
507383392
1518784372
199241866
1036752648
1463659468
1280120616
485005886
1033384008
576105580
557891714
1049924628
821892672
1123511622
515253784
488877664
1826618512
65613525
393681152