1521452142
64862175
389173052
1908715408
107201819
643210916
541765426
674320374
330021259
1980127556
1616353230
1449183378
1476637524
1627869062
254193713
1525162280
617301002
1410411060
5973071
35838428
182119444
1366086912
1938313842
1949287282
1629467354
129148899
774893396
1158522638
251418891
1508513348
1976133970
91488370
177315726
1324152072
1310453574
827361498
1407983042
1575510730
524393458
1341717958
725817266
681299592
673237464
1651093358
300863851
1805183108
1154762554
1474532964
315874015
1895244092
178137196
305195517
1831173104
1720133848
1085037498
675026086
1547339654
1257280672
253034895
1518209372
1922745314
280033315
1680199892
1137932934
712489066
62035631
372213788
700105606
49248627
295491764
113693339
682160036
1010895822
904210610
669946816
1862529806
463881834
1570608330
308526148
284354232
308975968
821583182
37919330
1525951714
1275201134
257746542
162945961
977675768
1392425858
263451928
1827204838
1564849202
1908446952
104759773
628558640
139059826
265777877
1594667264
319203844
915176570
1979652526
978540338
1015288314
634422306
43353070
1309104592
1088342130
1529453956
1558798738
1377117566
1370262446
695972026
861896310
824979714
141194599
847167596
1783035802
150535281
903211688