1450204384
96414073
578484440
1432832056
232440971
1394645828
269576651
1617459908
1902938824
910365790
622288978
1853295060
1575585354
1611072912
706330570
136617655
819705932
273850356
793256106
954218208
1027877160
179903505
1079421032
350915702
52446906
117788117
706728704
939240502
1754553746
1538662344
52766187
316597124
1799527042
401556194
22760861
136565168
1266718934
1480572606
866514354
1709219316
1380057636
147359063
884154380
317288847
1903733084
1296845590
1284782434
1262285678
586693106
33268572
1655526494
1118364336
120045708
373119208
99356160
1342927150
207255301
1243531808
1123563450
1687791568
700766572
55819885
334919312
759422272
190942206
624166098
205641666
1290033226
858546826
782073514
94652032
76770443
460622660
1131326806
1466222442
313416537
1880499224
495275834
1878394888
285219657
1711317944
1392806058
329339879
1976039276
1100693380
934575544
758298506
943016148
244796009
1468776056
1541783198
1892312508
1447011028
198235141
1189410848
80672689
484036136
1726877892
775673550
968732410
26698726
1907357546
303948808
1596746940
772370752
1249858010
1874354164
526420056
667116840
1139051910
1752380260
748130514
1115098036
1144987900
991331968
1756543936
1004585676
113665022