211350016
32326569
193959416
596771884
464724326
357116342
87570631
525423788
1022909592
1103684398
1193791660
908569858
248906749
1493440496
651287536
1122857206
1449326854
1598080812
294486974
1186525170
1369432630
1150473592
1886484938
270361560
1833233974
1715963244
1209752814
903087322
1035650054
1745960614
1085004134
197651789
1185910736
952539594
178254930
120153457
720920744
45163622
1880008576
148892987
893357924
1715122970
1674328152
1713541326
220659517
1323957104
635528078
183990473
1103942840
1130563394
1937937566
1906583246
1705014556
782215782
1705183006
330283075
1981698452
1356361548
112981087
677886524
851278102
1090987468
1652227442
1265353522
421969798
696076048
1875534960
49893100
56942788
183737291
1102423748
1375460974
49625130
1914696676
1564145978
239941018
698504748
277752984
230548946
1310928038
1850214454
434568474
63585923
381515540
1261181292
73784642
14560962
1399280676
1080844032
289423600
1129154326
1066872474
1585776354
150956569
905739416
329393736
241298248
257088245
1542529472
1045447494
1424416912
1697078764
1045686580
401385300
1214207146
583665756
855961056
211255477
1267532864
1299575532
1657559464
633442334
489603156
38096956