667494916
135013660
1920265118
51843460
689766382
1299814334
399649200
841802332
6913564
275094582
180049308
806844600
109396614
1060855608
83636933
501821600
266993422
1612591930
1981527144
791207292
139824863
838949180
120726072
1395420972
1208181126
1483467372
1135359318
1982678568
1583918788
274781799
1648690796
453805274
384510328
987601730
1980022398
591113726
740460348
1847837790
1271886604
975037598
298233997
1789403984
1927949606
53298123
319788740
117451246
1412928064
759991962
1301248894
226078332
289885900
119971635
719829812
1263194718
635241786
16989046
1001972162
1876564176
81752169
490513016
585578656
1337934918
36799142
481891170
71356874
1949973396
1254954290
246953663
1481721980
1509146894
1328938918
1555189698
456371566
942241690
1367866582
373512282
728914660
1263364346
1936815148
1902902730
1818043402
140904733
845428400
124463368
1953317142
147770448
283122088
592320480
12903031
77418188
1524759748
1857376660
1311088590
1333732402
1557980512
702541342
1828749972
226904249
1361425496
1307645830
97173661
583041968
1757624214
1143839484
190874570
754326658
958775778
1314042946
1672665636
780044400
365888824