741240642
208732008
1816800748
1997165330
311159723
1866958340
278788788
87559675
525358052
1741464042
1696064200
1056351454
37242550
1116151464
487085406
852943344
589100522
289747673
1738486040
300719182
1860613960
1444160710
481154206
209325977
1255955864
342212214
1563093942
1974797584
1833320426
495891202
169829680
10376863
62261180
112390171
674341028
226277491
1357664948
422324930
391059902
1532817028
1116325250
1577528998
1402885764
389831242
1153309026
1405788654
341894898
1968135710
600214934
505448454
1156459660
70818753
424912520
1767556644
168827189
1012963136
1721997398
675225366
369920438
544800976
1266511002
1483521946
1139543580
1021780514
1006684946
32216178
1624202476
934021528
1412385662
1106598578
546170930
943343386
34029135
204174812
1734564294
1148369280
192073351
1152440108
760479702
169529075
1017174452
707104430
761529338
1440537270
1715790998
1268984174
257584414
26874700
292525367
1755152204
1552903812
239931767
1439590604
1064162678
1623264166
842314560
1117889234
7056216
460111802
1216341084
1195065882
1111426734
1759190366
316983959
1901903756
512823262
1234590784
1272879892
361557238
1913699748
1882707930
1328744314
847151474
1940306826