1116638954
318302126
1716293844
1738945828
410379922
149211778
742928102
1963562858
1781486292
1516106212
441151612
548515014
80253874
282231960
1770814274
158276272
215236754
1501608340
231406985
1388441912
448588962
556511604
1626074610
1786413792
397226640
1801062774
1349343960
1178756642
1879127656
1337366526
19044198
1666948530
1989638298
42526281
255157688
1553389934
589078456
156103458
497704854
1825960056
33001874
234344994
582957278
808051572
1332315286
1588059360
281368565
1688211392
1827479130
523786186
403991690
1844054358
512425306
294668644
311594911
1869569468
798437038
223454404
955887034
1295645008
1195704864
1742165022
1291802230
1250819688
1145869838
1135133646
58800843
352805060
521875216
54040613
324243680
270855641
1625133848
91004448
680508286
1680354698
123162557
738975344
520999378
552008782
815350564
1431521910
526265630
5527511
33165068
1981294492
382103194
786287472
65610774
462288746
1421390318
1034139410
567006282
1236956818
444968722
400747862
1370934102
4650724
315905658
581842492
1310817098
257215397
1543292384
121455025
728730152
214436877
1286621264
1782807122
320203410
326256107
1957536644
95163787
570982724