616815036
1447774684
845864414
168013150
601621806
169493927
1016963564
1710768288
1234038994
319004586
1991379990
753476524
1823941210
1978697356
101828409
610970456
1090057082
147634771
885808628
84942322
669397002
948592296
971793912
128858294
18918529
113511176
215807015
1294842092
1783634962
2648282
899286890
1200928824
258322619
1549935716
1144546824
142499465
854996792
1549897228
1733086986
350961912
1034800240
1912488578
1738366792
387326904
743741138
600006374
873612262
1193901598
1793188730
286893601
1721361608
411239418
1304731696
1809292666
527315206
1806050942
796174788
1372362158
713360786
1127008382
326549891
1959299348
517106574
1536845306
610997266
638396632
56991901
341951408
119884347
719306084
720682534
322409841
1934459048
1021673246
546070590
462660804
390156378
537934502
1297170826
1375912290
1236683630
570177170
41827258
160421376
1325151490
1151582784
1103014138
1505302138
291578239
1749469436
1707243942
1754943134
322584679
1935508076
1119154788
1542451638
1898737440
1405569742
136813801
820882808
369316138
860889132
1511804568
124617155
747702932
1487517412
111153689
666922136
1104708582
686700244
1920960422
1765261582
265150674
1890560906
239876308
401101410