1816276972
285596879
1713581276
1730567774
790006018
1341620710
213009043
1278054260
102272585
613635512
1328380654
319562656
258955041
1553730248
281968119
1691808716
743775114
81802218
404384294
82882137
497292824
1302111290
949158328
564862106
69488303
416929820
690259912
187415223
1124491340
462774288
1503477864
724324246
647630122
998504592
1267330262
585126286
88165493
528992960
261439942
1841465848
298390614
1394663138
261561285
1569367712
1725147494
927005970
770049506
651394036
1036252950
775144956
187840308
285369587
1712217524
1940446642
684838550
449209876
1007793508
993034706
1338207146
1507851046
98001192
1582247034
1604114536
78289204
1193031894
220127375
1320764252
785798542
1229959156
760290568
710850580
196995743
1181974460
868539594
1731051436
179482041
1076892248
208112908
389925886
93408619
560451716
1570331406
268670615
1612023692
446851540
949836166
1106172616
1266569882
225689703
1354138220
1535007930
142896590
214860096
1908015558
287670073
1726020440
964720026
95280734
1510620670
1030436020
988323622
1011647902
788213086
718256914
846125126
131586219
789517316
1469431746
1423652174
368633390
1366654828
228659963
1371959780
1940971468
1664821546
1326425018
377047884
1426743174
1597641066