25801380
1882465158
1634153476
624537988
139222797
835336784
958111026
1007035584
1646734828
324150136
10073215
60439292
1063148102
1013072572
1531250794
1524750798
960061050
187716717
1126300304
1404029232
276836315
1661017892
689182890
700635156
378651198
1413799906
672690736
52556674
1489557570
1618925298
775147948
814236612
215358439
1292150636
185047898
296827123
1780962740
349136486
520722426
1316581996
955889926
235096402
172666634
1371758520
98612199
591673196
1491978300
1270078410
1020146966
324466558
1193557130
706643474
583509378
1454712174
1943683116
1517647898
272749089
1636494536
1665847766
1512312170
540599836
1608146856
1066384330
224441167
1346647004
1144185746
1790000476
440500498
85074815
510448892
182002858
18998701
113992208
1809653500
191122646
1874942922
441820182
313386626
1477951848
761070042
162323978
66854259
401125556
140397082
706458106
31065827
186394964
30456578
1801245312
919344124
743815586
553895962
325796557
1954779344
428900742
1299170448
191099268
883914946
1339618096
388317774
1695599890
551364470
46211019
277266116
747099518
1360425590
1447702410
267620694
900440234
228299497
1369796984
1606052998
359053792
642632376
119804246