774751966
241195706
47965434
47063563
282381380
312574306
1722208080
285321122
1518804630
427086578
339628888
288069083
1728414500
1504798798
778325998
165399125
992394752
1000777786
458356566
1479503200
247859418
47485535
284913212
1329855526
1843602936
626186614
537621530
227190394
168713671
1012282028
98170119
589020716
647213602
224031419
1344188516
1416638878
541724440
175549173
1053295040
382592122
1074053798
1275000306
341805838
1796968276
1143211476
717990662
205563343
1233380060
1382468862
1546643222
1700841478
266185756
973450956
1639363674
254411889
1526471336
942658516
1618216194
1163640786
251014655
1506087932
499639290
80065829
480394976
875616642
87385477
524312864
868181676
438291948
341691120
1151244748
774770326
1400503830
650645952
1308037298
925053926
1841473598
1596174126
351934420
571206486
347007792
216108601
1296651608
934426614
152793290
322790539
1936743236
899129764
269994478
1753952582
1758451766
162459643
974757860
1180899628
1779978698
50263835
301583012
926537092
1183157058
721077206
674453904
1816731456
1183872902
1057635220
253323820
221497525
1328985152
1286924254
204067441
1224404648
368031814
404810198
82116436
250018867
1500113204
150024579
900147476
1211900058
271521010
792027852