1006047024
1391036320
63818165
382908992
1315609082
341741802
1209255390
88332060
239984546
1464409396
306076428
763373094
300951661
1805709968
1750141342
1795181598
752073108
1538903806
1761682398
1038846278
624444770
1176202122
655151244
1298312390
118548846
370234812
281349587
1688097524
1629780118
299849929
1799099576
244688606
1647415226
32579255
195475532
1176454802
1155053016
1425099750
435884980
319849271
1919095628
102617999
615707996
1929837306
1646098482
199097243
1194583460
1175305426
1383281982
1240846194
532525314
101622831
609736988
1411754726
79286971
475721828
71077273
426463640
50761809
304570856
120084310
1902549984
403488082
218077034
86836428
1847339250
1982145126
936723042
168114366
310345825
1862074952
1569329966
1809272582
1685023732
84221226
162153544
222450527
1334703164
1742250994
551067252
1935330026
1568242306
1146745546
526162922
1801496310
274949154
1261760872
358374712
1622011082
606819178
684635694
5137878
267803724
818093366
1156526650
198453424
1718715060
1174177694
1511423908
1108781460
36457147
218742884
254103484
1114800364
1202254378
189621225
1137727352
589101748
344932756
256474776
1160375448
353275778
484881706
563074012
1537229522