1134804442
611042344
1651926276
660156682
756462586
96793390
112610977
675665864
954450362
1532046708
146320803
877924820
508058126
91247644
1221336864
1576980516
1138180774
31518481
189110888
1648206532
135709637
814257824
313437269
1880623616
628234984
1016044810
254304040
1043422802
968901
5813408
1204152088
145256460
1490327116
1472756126
710817916
1765900922
554899126
507205786
881006058
1869732414
962103178
1841438750
1611899532
819740992
1967964962
563158812
190988351
1145930108
289324729
1735948376
1229881878
329161332
30514838
823446760
1445889444
646006300
294027251
1764163508
91910508
436135834
289465612
804359550
1964036520
239143274
929642838
128775610
444489138
39567206
828777210
172220022
934227132
920657104
1847590282
622605672
105196992
308644481
1851866888
1117324512
313966761
1883800568
938651550
593661528
1936797102
9734725
58408352
120304277
721825664
983849370
244998830
159199899
955199396
122001093
732006560
1148734154
900945696
861441514
578473266
976141284
1246232614
993207230
1849578954
15576873
93461240
385027368
250122535
1500735212
287606519
1725639116
227942418
1267955692
1404154294
785297562
1281685780
1584539542
1039427640
1434346538
1517912920