455800958
1114570414
1097559990
878438282
1681916206
1065846138
1216002712
1680499170
160927131
965562788
1592948330
807053100
70488498
231110027
1386660164
664421788
42220582
18206103
109236620
866780218
1940361016
616361546
274133570
1260976518
82917773
497506640
1093420212
746041566
1490300544
289951957
1739711744
304937538
576664408
262800679
1576804076
1454252826
630200500
299387285
1796323712
176342629
1058055776
187146151
1122876908
1235265388
494296516
1860555372
999917550
1675356624
960202478
1255665792
1779902578
871779878
1248221986
395173350
297981616
680053090
196795746
233084174
28049017
168294104
79373222
276165820
265533090
786119392
400951374
84891712
173429451
1040576708
706068946
759277710
1975563396
263571185
1581427112
198940522
464775772
1882038864
181395256
1836117844
168400218
308023334
1680324274
1064998918
31321109
187926656
1527725134
156832134
54061558
264948453
1589690720
1525819644
1576606106
1055179198
328482781
1970896688
715375710
1054728894
31631243
189787460
1049470690
720201422
873313762
869169922
264230609
1585383656
1934959080
1831068862
842161932
544591158
1017645472
857039962
918601618
1748705044
962970556
1246906608
1081801478
1222239948