306418239
1838509436
1811511246
721655884
997334196
492783546
110478138
956061758
1798385062
418782192
595850858
902877790
219158810
1785870040
355550086
669450902
455787998
1410635688
1745966872
1326614598
1214672854
1397986982
26198350
167656368
1029916384
321808582
1164525096
352835404
1542001406
1991216898
196096754
205218381
1231310288
182103362
532484560
115432099
692592596
1965839050
697784654
66746283
400477700
475272424
172241365
1033448192
1444442454
1518333690
1117160602
1350674128
1417081534
1125687746
1203583414
1412631240
642554272
1654288006
1952239594
53483687
320902124
1274320686
1068688326
64657998
63465734
216520045
1299120272
1867873942
165700966
359486582
1780376054
1760686598
177870751
1067224508
179557351
1077344108
1548169078
1939860000
184451854
8417443
50504660
47897055
287382332
515117110
1354585168
1812756948
426259770
1755411028
975094068
911178914
1853911836
633597712
234211806
1232490900
1427048088
72933847
437603084
897552286
1523855790
818431230
277048024
126701306
1681074614
1931487970
803347876
1035881292
1631810302
674825114
1262338874
551218836
740603718
24841489
149048936
874098742
225948414
1996031734