638140622
1428150946
107864422
74983462
1221022130
930616332
1918231574
69436442
1980949654
335702302
388205678
159829037
958974224
1255566160
219272189
1315633136
424640618
1424154890
220525957
1323155744
784736152
260614034
768500286
1424206786
1076090442
46619208
1717285666
251353600
1285694778
616105060
1794895506
1053824290
426516084
524915094
16209323
97255940
317409687
1904458124
1110878484
80180226
861311342
209404894
1837577066
545141148
114510967
687065804
853588098
278642680
1171896468
2122146
1534414576
1493360286
1153660350
191285501
1147713008
196279253
1177675520
124910735
749464412
412126768
1202478892
1046091496
428446394
1119149726
1719296802
157579181
945475088
1529736046
260009063
1560054380
1981838158
446373940
384868632
1292713598
974894608
647023554
672799754
586502714
493900756
660437342
247529137
1485174824
1381687138
211878503
1271271020
1052589174
120311748
123507681
741046088
316087253
1896523520
172063954
1271617056
47557251
285343508
258801623
1552809740
1390382186
643462560
1955167704
445488916
298717265
1792303592
1815917266
3467530
1938807178
246130827
1476784964
1555604328
95012119
570072716
710321782
332140693
1992844160
991312354
145581963
873491780
203503674
347973574
1423822908
113380252