43942207
263653244
193854864
1149541610
1563739622
1092237834
493920676
21008659
126051956
496672550
63613310
217677263
1306063580
310217871
1861307228
1179354674
1811468700
727497770
162708522
292299929
1753799576
1625269650
948701512
1480677312
749139444
134591172
577880320
271235524
99887254
287297938
1944757908
976245898
177349516
1119211936
1993300626
276116675
1656700052
1781761158
644513952
1756474006
142262766
745834902
304037733
1824226400
1734481744
267730738
639527970
76758958
196600638
189390062
246356517
1478139104
816030396
1044559024
1242922510
198053574
123750691
742504148
49942687
299656124
1890649212
1494381034
730205952
777133032
123690292
603988034
1116949690
527656894
1928571498
104907850
311570028
944488818
1880429886
1825899242
219157910
169855740
296148695
1776892172
429945802
1964496634
110066518
1701992102
265767198
1233908338
1874012182
1312203856
789365412
296736527
1780419164
994585648
1387395904
212595519
1275573116
1176218642
491474656
83395726
172080232
948071776
1993805124
582999794
1687246670
1066431436
671792224
336872174
237841276
1070267018
778706122
272718177
1636309064
957947596
363414282
259253869
1555523216
302905908