1382401456
1890478642
753373984
717079452
909577306
731302402
1377345434
28715369
172292216
1458301458
137418582
765970564
1762566916
311620260
1818159970
596982326
1772118196
10804465
64826792
791048190
570009446
1721034686
245301235
1471807412
863467238
837320338
330427891
1982567348
310276383
1861658300
1129607272
1474026708
275342698
816174374
775779002
1776501700
1871006824
252031730
879868402
44855693
269134160
313810713
1882864280
1424898148
130581611
783489668
1569562354
1840367294
739480918
73394854
865867060
834683234
293359596
151901398
218039170
935038752
1443150006
468485534
259903319
1559419916
1966000062
384530826
1619286254
1516114370
1404468468
137378931
824273588
1768117378
4751256
1491123798
1736632438
160408152
1647662368
1489736856
1185068770
109906538
896613398
1418908576
823872842
18992249
113953496
45155752
42517936
1975222778
560991952
987889288
1324943962
59885992
818052986
950821930
1051595452
177865931
1067195588
1021261020
876508506
1043708220
12859840
220278499
1321670996
567861108
1095651756
712260622
1404191424
1585309402
245560878
250202307
1501213844
941890336
1778048416
1059274354
775135548
297461865
1784771192
221435200