669556972
271000799
1626004796
17844705
107068232
309043511
1854261068
1050439434
927743690
868244506
938883666
959850422
119748746
330142753
1980856520
435920534
1388405822
433765962
253270312
847470252
1130830480
1534757586
159465087
956790524
695824678
1190033186
1838715636
95557215
573343292
1119496422
1880675826
1522625154
1466431752
1601919484
199171098
656536074
1503184276
1269149172
1878730430
417620278
124595909
747575456
417677308
1859327290
759781776
127607609
765645656
245816800
990951856
816841794
96361389
578168336
1629306628
351532870
903504714
1687073146
1910562828
1560949714
142162649
852975896
29575298
1865367198
440239510
74094933
444569600
156252816
1579709092
155666999
934001996
686941252
190520567
1143123404
1003564926
1207274542
852482652
1890365570
92039183
552235100
182624702
188219771
1129318628
522748302
735672054
862044340
1839079380
1936700638
159614203
957685220
706957356
202123491
1212740948
300072689
1800436136
894530994
1053707068
642520126
220409715
1322458292
1151336334
289154382
56085277
336511664
128411341
770468048
1688677026
375461208
1900225566
612411838
1497352386
1091038740
1077285408
1740763632
1602729862
304559321
1827355928
709518808
1774541006
519634942
956640806
5310892
486204974