35540761
213244568
289921595
1739529572
553465238
965374386
1639092004
84812934
381325888
1199116462
1039185590
960845770
413277142
8175693
49054160
185648431
1113890588
1521887944
1571267410
86322126
124851993
749111960
635285010
1072612142
1428705256
262156204
1868819354
265782970
847600582
1797538224
1626859606
42433206
173215202
200757613
1204545680
864064248
694177378
1108758090
228896279
1373377676
102513543
615081260
1418936568
1174011484
639313450
1892068956
299871747
1799230484
73003747
438022484
1945446754
504908608
1302484636
54887260
1337250258
1836249444
28479674
162838146
124978500
239713559
1438281356
75961871
455771228
239650871
1437905228
1431083926
82708597
496251584
148812739
892876436
325321653
1951929920
688281018
878416012
1673940902
1167117732
971615210
798849648
775875938
1452328610
1241197510
24549439
147296636
63052302
1677492518
1091140962
1322481150
1990909576
770475046
1342749774
508548166
1186720536
237715305
1426291832
1627941768
496976374
23097306
3883317
23299904
1923113046
189423295
1136539772
1861492866
1813838784
1079524254
588805130
45051189
270307136
1493142880
298600745
1791604472
310466050
1739461684
115445614
450085452
1937249842
273631071
1641786428
283701454
1828543914
1929231040
315092685
1890556112