660881860
1100246414
301966207
1811797244
331419517
1988517104
1087313232
1977611572
376142926
1427733648
1142658948
1595587826
1350918420
184161851
1104971108
1432863040
986642190
57477537
344865224
345987702
46954858
445660666
1811558088
1208653930
43384865
260309192
385884388
1664137402
146649353
879896120
1581189024
1871934242
275049301
1650295808
878857514
1227543214
1613202314
1994328772
686284390
482649340
646571626
682266936
100816807
604900844
46687135
280122812
1220662858
5767601
34605608
1869277082
22326627
133959764
1063262410
1751001544
324357693
1946146160
782514622
819584182
787590154
622847704
367094082
1272529958
331709473
1990256840
696797844
871363522
384026038
547524264
1689993886
64327994
325687125
1954122752
760500978
306078024
1608789978
1296577166
261248329
1567489976
9299490
50222573
301335440
601450644
1217962656
90261040
80278896
956891022
1520335996
1165431534
1840655218
127120119
762720716
1086510756
661387008
316327867
1897967204
284818369
1708910216
814069694
275761666
325379935
1952279612
1762447648
1622709074
1476039844
365894064
1439079130
1979248910
1116465114
1642133208
797136586
565998192
325958553
1955751320
1373982258
181444125
1088664752
1878664426
313708219
1882249316
961631390
542102494
1403109610