231053495
1386320972
543458074
841095240
92856564
1919796602
1778860922
1946421708
422025706
247092960
613528036
1851699228
698783610
246169245
1477015472
1313548924
1340948414
1238394696
118016848
297931020
1454294508
1827147150
1689185976
1335417552
318107500
1251900184
704054064
432480782
170977308
27373337
164240024
1119017690
1465303086
1715229276
235488609
1412931656
85157794
1884523524
549617100
885032294
49757917
298547504
822185854
1906345926
1289828376
1033714846
170834385
1025006312
221934561
1331607368
1486312918
314668322
1433463738
269396258
1436846714
1562620206
236111853
1416671120
1894744514
141810054
723155088
35234841
211409048
723019596
1833613286
1812441456
1127703196
1446187068
1408295556
1665520104
1584483214
1647713090
1043849592
547269232
1577502366
249137476
23294424
1416953152
693069926
664819694
296260301
1777561808
60594185
363565112
1861987354
856155400
259425226
1720356630
1235557368
1908038796
553217448
636858
717801496
913663972
608147234
1977186984
1975192596
1502836266
408974986
1989858394
1906515702
201314162
413576210
1765163818
1754429772
845669196
1092830886
1263549386
309313812
617342584