1508359708
199494631
1196967788
569902618
559053396
1296533796
892925
5357552
1131698980
92659464
1271471824
257106713
1542640280
937275120
363558484
852112272
54231663
325389980
816528418
229358787
1376152724
823809976
1665925274
45096099
270576596
586677282
192421686
880605060
1824271944
801155386
62421427
374528564
323916794
1305364118
1989200514
1257426782
131779312
1650652110
11243155
67458932
626093230
173594743
1041568460
81990862
445402380
306847037
1841082224
1974556078
1003714430
1250712538
1218033304
1493612842
452588270
1400299570
856408990
262480238
1084113294
1044613578
1312586778
915184918
77041695
462250172
328929593
1973577560
871216130
1187554442
301620789
1809724736
1475595458
1084952884
226147406
93434017
560604104
1118730710
1357313686
296329241
1777975448
235366681
1412200088
1288190722
966189664
1859008306
1345973560
1596968890
1029162616
782815002
661019878
52766009
316596056
101028093
606168560
442749898
1707866218
1650902110
155612743
933676460
159254961
955529768
367250986
8791202
654280902
143776930
738667032
1950813934
684535234
383089108
255006035
1530036212
1022598878
139466548
959477886
784450024
295810191
1774861148
1691926066
193407550
1811224614
1004868990
1176611018
260701281
1564207688
814460776