219044166
198917085
1193502512
427569530
13447053
80682320
310993897
1865963384
216195325
1297171952
916965310
1147060764
168338947
1010033684
436953734
503650286
1989408794
537639650
870344128
65615618
887051632
242910901
1457465408
1973697108
92863464
206114053
1236684320
687841542
1053305654
1565363486
639999324
484204082
800082906
1098402354
208970638
1431215368
875099010
1283264850
350413442
1790716882
1948305948
579084790
174436936
1035440796
654301378
1587862314
1007682438
1489173270
1657682644
395468904
307316993
1843901960
38192598
174409346
170738045
1024428272
189076039
1134456236
219844662
312024988
788805156
1416236430
212841647
1277049884
1887638354
759053520
1618176552
701525112
1618508834
651011342
297868270
19036850
1825676728
111700425
670202552
511319350
166995431
1001972588
1049875408
278786166
255506926
140957013
845742080
1295241744
1892199474
1063282858
238088719
1428532316
329344642
110272487
661634924
60968848
1914210024
1247432630
107809051
646854308
119066913
714401480
42925677
257554064
849016972
1408112728
637944646
1892088794
849366652
1366693090
343758386
1833563918
264505842
975112286
159293783
955762700
1115979844
139774301
838645808
735048718
266324267
1597945604
730123024
652887676
225757103
1354542620