575174044
1606941792
232194979
1393169876
278481888
8097050
136622055
819732332
1535187082
221872545
1331235272
1848067488
1660660442
365347906
1511383506
21175441
127052648
488244340
1546257842
828768046
1369343880
524762508
479057806
1317131274
1373749320
1126844818
638414066
267321929
1603931576
465240834
335114604
33598147
201588884
599031682
150878613
905271680
1455161114
21083481
126500888
839683198
270728021
1624368128
436456154
1300660300
1193338618
1971457210
808561096
241460037
1448760224
1317825180
929869650
805477420
857095326
1410694236
649547412
1941323498
9707358
24123184
1075621288
1503659482
310345602
197147458
1925929670
1194017616
198097639
1188585836
320479702
1514241210
1696232026
839974260
1655133358
467088854
455461644
1687611586
1033581182
1311315750
238988767
1433932604
245996054
1132744516
1181884082
28931919
173591516
568420354
552915424
291220177
1747321064
632367040
1228545846
1850890912
614110432
588280584
839577458
1304964734
1390747770
1076744376
1727275132
1097277562
1725000912
631577282
1451764690
90949343
545696060
528624842
1809979692
619470288
835614758
1679809994
1203986062
1169317644
1839991634
827412938
1980234950
648114312