739226250
1462692334
99852886
599117318
121972860
1407717592
22133613
132801680
88343484
1840669518
114210750
685264502
247497110
1484982662
1242706876
1267262404
1427873706
174178382
1045070294
1702673998
200191615
1201149692
146969462
881816774
930335572
52258224
313549346
954066246
259134256
1554805538
1866836404
238357726
1430146358
1046602524
237851742
1427110454
27099819
162598916
1078559128
1726988950
86834552
521007314
1646178156
25892866
804733884
1056842904
843782728
501247738
1751663616
63778178
382669070
1245065314
184475167
1106851004
667095028
122131453
732788720
106154464
636926786
1987885902
966850074
1230264678
938948304
238738059
1432428356
123995818
743974910
880058790
285702794
1714216766
16295711
97774268
42424354
6053142
153327871
919967228
1545829392
973237750
224290966
40142364
232710534
1396263206
1532039338
1032540760
277445482
328670267
1972021604
1730965354
101321694
1127514724
687398700
457166994
212643744
293436869
1760621216
279654408
215674513
1294047080
270047197
1620283184
800845354
949289254
1106802618
46817376
155180772
931084634
145740819
874444916
140389252
842335514
1020792840
984067920
1307081506
1184481094
534952530
80147749
480886496
287113627
1722681764
1156551016
943887120
108348928
650093570
1139235762
469832434
273817712
1642906274
372690378
219039368
1314236210
1829736592
869525266
1669576806
32673337
196040024
