1754769582
1847356554
285131733
1710790400
389051430
1731863922
1546764136
949898382
962268600
379495958
14061170
732339006
220644943
1323869660
229425065
1376550392
43117479
258704876
821899074
684320262
1820155058
449040610
1705155914
1054966826
1955959608
1069784702
1463563942
30831338
772449856
115170351
691022108
1809961542
612806412
205224506
1712662930
1939721164
74533446
210404388
160404689
962428136
1891966458
1558759500
1002348838
130408001
782448008
1039106554
1610185266
340248790
1718566862
1718833000
523219488
1956365334
36184203
217105220
1073064542
185472282
1447215110
13810942
1838997382
275612812
51272013
307632080
66684759
400108556
1082008586
1742323894
1261124436
1364302394
1430464440
1062656342
1260024866
1983920018
127507661
765045968
104702181
628213088
135728365
814370192
195883083
1175298500
715104666
1679572608
82327451
493964708
1742096366
185364977
1112189864
208877283
1253263700
1047393374
1372291954
172051690
454317196
109524882
888821954
1208315220
292005267
1752031604
1695800892
651269368
1785527200
677609030
518863606
1811408080
1698530340
1115739170
1193558176
1609709954
106067426
94630684
333568738
1366910524
737841292
1851366738
326098826
1223900068
1816827234