64849334
1597894356
285784048
1921882716
1600455058
160794019
964764116
868449454
1817280694
1576040674
1392225840
392592290
128460820
1541871438
110028791
660172748
878798748
82022762
350046622
899751280
1176965520
1823790242
294155185
1764931112
451585402
698039418
479849954
1956677962
462674074
921103034
1144189026
1262248128
993544464
1951084230
659798418
438414516
1036007894
1915404258
1201603758
935697698
1869458990
43355587
260133524
1929617680
120788140
415454190
1688959010
1948356382
1026476446
105109836
1713854080
592723276
1057641912
229999575
1379997452
1545942652
184376023
1106256140
1488140002
473683290
754863916
902981320
1659610596
984764824
334216720
549011974
300532390
32842639
197055836
38816781
232900688
1555773844
1462658894
25889642
888828784
1245857800
491615902
1393454652
475652346
244344757
1466068544
1342196366
1976816506
206532361
1239194168
1916375712
599606414
1379771940
1292653482
273006857
1638041144
88219806
1151706304
294571776
295385257
1772311544
1550406768
1180942402
252696102
462616624
299915082
218895073
1313370440
124858682
467828524
1187067346
1200612542
98377523
590265140
636424154
944275560
1642389618
157871514