985431454
1079473402
447729734
1177571662
49726017
298356104
20374353
122246120
1109257228
559629966
977438802
100326214
1411034230
525070504
57630700
166668606
1318432318
1500338028
1514165052
1105131976
1017146428
60064257
360385544
606953986
837545370
1307033450
178026114
39233929
235403576
1174314940
13481861
80891168
1466652542
888903274
132569136
1417190436
641070184
1464425712
1348628442
1983677512
44628268
1668456938
1938712594
230940887
1385645324
1894910594
1773367504
144775296
919015696
1064648400
327820870
46851484
870114134
1336982458
176464757
1058788544
1176761538
62884827
377308964
591597542
497822134
688714706
687438796
342570856
357817842
581734512
1143750014
43875940
1852740492
240683761
1444102568
337885334
1123264348
1325405056
898286954
316534191
1899205148
1003236314
1636733714
268677873
1612067240
1867472020
386791858
102082215
612493292
1214535710
97261548
112341603
674049620
171400566
148245427
889472564
673445320
1776900226
1553961086
1075584246
362841898
996147854
331469161
1988814968
651314704
302699065
1816194392
569004682
252007785
1512046712
501746238
504600756
331945830
232045611
1392273668
838043764
564690192
314489214
442063380
754067686
1165174702