22808843
136853060
1123877148
1143835120
196098911
1176593468
210908629
1265451776
13350367
80102204
1898058966
50801578
75877855
455267132
1502277678
85750081
514500488
988890158
1171389004
1776753298
1419447892
585591240
6689773
40138640
171746402
206993429
1241960576
939332166
155740910
1157998658
1768382650
1717567276
1508128466
1887894734
1695976610
853901274
437860214
252843119
1517058716
593467516
1635144928
1416588378
255564902
297902979
1787417876
1651825898
1060705092
53500231
321001388
1964098398
354944824
36781996
1375510470
26196195
157177172
462405082
1917478190
83976863
503861180
204199802
410418964
1557640576
1683652720
64379818
1094249950
354455118
642264842
1054690824
1327062256
568993850
711067288
1785598454
1560612498
182841673
1097050040
1020118804
136651147
819906884
1225753394
118272759
709636556
542099990
987815154
1201835986
89165380
1018000278
1670505710
590668456
1755774290
34912914
1228198738
845332314
1086372204
564349756
1133556856
1244251212
1361632358
1136052958
926823958
1954811464
237169176
914793866
1921347754
624479956
107026596
1106792482
1819568954
1987896090
1293208430
1469682016
359030802
938650594
1512216378
1185307648
1618061622