32124977
192749864
626186080
1288921764
1477117704
1655304444
255926659
1535559956
19095797
114574784
1566451510
43962690
973222598
70173793
421042760
882146242
26449942
101702607
610215644
1484677966
897563092
785193276
45684243
274105460
798968386
65907266
1053367210
43952473
263714840
946843116
1181964354
722868782
752646734
1412892458
1469828846
540557818
660428550
119207227
715243364
1048690230
609593188
863517922
1470849976
11699902
1195925926
453139478
977117914
1308825816
798491158
1140317326
1658999034
128812249
772873496
697791714
92724095
556344572
356544564
863353128
293887078
70591013
423546080
58858373
353150240
192423954
297191851
1783151108
1197215858
128635504
1361092338
258017553
1548105320
1257321648
182361334
1252063878
1183724286
132078755
792472532
1360472362
1631959288
845969502
375868402
418527426
657612892
1910878910
1433928726
1894679872
279906821
1679440928
675053218
1630444060
1096742182
1117171848
989364534
1947171218
1256551926
1612449468
221849779
1331098676
668903110
302751666
963231250
922820764
1517642050
260286042
266346427
1598078564
1608141804
1925937936
205552214
415577326
1113180592
784910698
1793507482
1487027820
18372842
855733850
938201886