1919670166
1731882490
803141334
1442842630
529609042
1808439712
1299420252
1220750124
803173150
1760708662
944829100
168776021
1012656128
1127104200
1599971446
445924168
1950462010
1695682564
240676310
947570172
997892426
1378964040
1087239684
656520114
1398319252
227397409
1364384456
150268455
901610732
607009066
1107614376
369371500
887827488
88518256
233520019
1401120116
1929656808
1833584494
585111442
813839124
10166389
60998336
1787934304
358211518
332115943
1992695660
949505702
59460660
314909953
1889459720
114106631
684639788
809689864
285854754
710596672
1572857722
379096918
1318312054
85810812
176406852
1959401752
298994267
1793965604
176927644
542469790
1478993958
1298815526
927034086
691130224
108909698
196979158
1620555710
57333879
344003276
1044467494
155346078
384722520
976928750
673689966
694454160
80506500
173358113
1040148680
67411581
404469488
787326864
1723188570
693097910
1082694998
443066100
1948687914
247734217
1486405304
159089450
188000453
1128002720
1988487582
988158466
1728781744
1700000030
108502419
651014516
602303668
937519542
1305944370
1968262670
1291564338
1007979528
530809912
545552230
970262784
39083475
234500852
1905887666
600095358