1069623062
332883122
889366614
1962930792
261122680
1879733794
345512482
284438976
455167692
1651849872
1214758822
362755070
148930317
893581904
1263782928
1863989510
326944603
1961667620
157361865
944171192
1831326294
193712271
1162273628
1767222534
785577554
281055619
1686333716
1632337118
1137459218
1230028238
304659568
5901180
978171638
1146504842
493730026
1231352712
267472180
1413520570
646333680
742938246
204753697
1228522184
133322931
799937588
1163863518
1156295218
318985526
1464763360
336405732
305665626
129327117
775962704
936171448
41761157
250566944
1735255478
1397236408
280630793
1683784760
461376238
927544968
1513262160
1254071938
594476698
183167652
95703606
153219684
1087759828
1016698644
835582812
128221296
218383656
163127337
978764024
270494569
1622967416
1627054254
1575435954
1073404094
92994465
557966792
947368546
754917674
126356395
758138372
29212067
175272404
1321793644
167587561
1005525368
412093538
1798834010
1684867126
1590984114
218342318
249561595
1497369572
1325706988
1009692254
475650582
524092182
198162890
146540291
879241748
1295337232
112870641
677223848
232927926
42759954
225551673
1353310040
56816137
340896824
1949452600
546362382
219699399
1318196396
177715261
1066291568
1863006724
844599350
1544930586