1015588260
37196689
223180136
240972147
1445832884
1258526434
168375797
1010254784
1590314418
1485238434
997243994
104337311
626023868
1118168548
1115065096
1778660498
118254371
709526228
1114417858
158594987
951569924
1078489620
1607337658
652273272
1204338374
83260667
499564004
1946075610
897515452
1911153786
1335084882
26610876
1801669348
809844742
1179206556
1836617806
87009376
1083120676
726641778
530444514
1174155530
1271307602
96413995
578483972
328260514
475779360
1310144584
45186445
271118672
17088425
102530552
847469838
1766273836
1455741492
203171339
1219028036
47558239
285349436
988972024
1314515656
290905806
1988508382
265698338
505542378
150367149
902202896
523749158
832022824
154530350
839083704
1946362886
1749476294
629497474
322368810
1471216204
1880269794
209636921
1257821528
959369946
3632837
21797024
1331582354
1422874252
156324270
650642298
928475460
32249868
803423052
1089750710
580107892
1105782858
273643513
1641861080
1893826036
873298876
295910560
463253860
1509779602
1908819724
221518776
1387352226
1727030188
1471601766
667120346
1918671030
61910385
371462312
276636405
1659818432
280336617
1682019704
775243362
1821028354
1961776306
609056506
304491814
1019968180
1050866212