319415714
928398190
64825107
388950644
1799513526
2410306
1575060492
429820218
1403319410
64365595
386193572
215022018
1029518772
134203050
1084625260
1570414278
30881185
185287112
1444526494
1716381928
203653459
1221920756
928375192
1988625522
164711933
988271600
232174212
424225702
1908266
1927771586
172787690
210192338
172842943
1037057660
171336230
461335966
598133934
53760415
322562492
685761018
1663232866
1706354646
790831398
1396548696
283595105
1701570632
521478902
262215318
761935404
444609832
1871024302
105425181
632551088
178206940
189172370
1061845770
101178288
1166271354
1182039726
191544226
1262543038
598105368
1706350198
1575572646
1898019238
599915494
136867501
821205008
192684965
1156109792
961235148
700306624
165086676
136057534
1629071210
261155570
260849583
1565097500
799558726
207089326
1173196480
1136212390
1376090140
1319840386
75667756
147366183
884197100
214330111
1285980668
1823893860
211127740
969796912
1361177646
25986005
155916032
1447849382
1497624792
164731231
988387388
1416476066
614097726
910381322
80000483
480002900
1626971116
315056014
580915572
82932370
272993519
1637961116
110063597
660381584
457366566
131411326
144971059
869826356
1504593774
656054416
6173506