163614155
981684932
195660108
245863449
1475180696
32676912
196061474
196701438
1180208630
1109074380
1346486056
2959628
17757770
1050385000
266137878
1596827270
421125598
604507486
61979995
371879972
250310332
1501861994
38484310
314925316
1889551898
170676290
1024057742
723404452
1036701798
154477902
926867414
1512706596
266320187
1597921124
231228763
1387372580
1343745274
761882512
1038906310
1944183870
316949341
1901696048
6047957
36287744
37133204
222799226
1239738510
743962852
15676752
94060514
552253444
327127631
1962765788
1393229754
1705697920
275540954
1653245726
938414614
165288150
323550307
1941301844
122795527
736773164
1695162336
874740376
1895898564
1465807836
83332374
499994246
1200110658
321288226
1927729358
474592168
1136428212
602704188
1653092524
1713665958
19291225
115747352
730453888
357288084
130984782
785908694
330388658
1982331950
170711106
213638917
1281833504
1826763666
449218168
1569627378
1739215734
34928500
209571002
262284358
1573706150
1882877802
25674154
154044926
153621630
836311578
1191635160
978892710
1993467268
1426883208
1193221072
1358141770
155198448
931190690
208016323
1248097940
1523336902
392566140
153584332
250588158
1054529440
593915098
260953405
1565720432
1997777248
1389526446
627533166
308579965
1851479792
283285912
1699715474
228364312
1370185874
386354974
845065114
760627698
68107592
408645554
1160651866
210307340
1261844042
1048107706
