1226455422
185000964
168865926
362396968
9802654
168376335
1010258012
1489276374
1262592178
622501036
734505734
836351434
126769495
760616972
1519562812
323513969
1941083816
1906158070
333821188
607211386
297481639
1784889836
325299066
1827166646
1769470214
1361581492
171855762
325862935
1955177612
177595815
1065574892
850442988
626160960
1343659286
738274050
1490307504
1998338914
875121846
141750496
729771096
998851886
337654048
647164404
230899057
1385394344
441501590
104402150
862101696
1583231082
637525562
215258223
1291549340
488008332
1571890374
634089996
647048088
1357477554
1625872524
1597943686
380040558
972596618
296764264
183225631
1099353788
228881883
1373291300
804943598
141457272
161354705
968128232
1073580678
1808506046
978586962
613656550
1601970194
498129022
1660652236
135496814
1421759380
1948033894
1609524522
497888796
420503118
1710865022
1299820894
88961466
1393713780
131937102
1792955910
126030360
1685898552
668239060
1531613558
616389652
1362101982
1702327742
88695910
190050289
1140301736
67325978
170336746
248462923
1490777540
978955682
686142102
1386097074
281853459
1691120756
1090985992
783897162
1694770166
532997254
325895572