45935627
275613764
294763857
1768583144
288444782
1263774858
1127309272
1512444490
652511940
1125258830
217988839
1307933036
1396602420
990049288
350258280
22335983
134015900
1107109606
678103598
1147581074
407268066
1404225172
30155738
1338419494
476334058
161812085
970872512
277533715
1665202292
418912138
943599226
1970326378
1337513166
109893278
1811369522
1568587320
842456182
191529420
100174668
332893626
1546367802
1329754188
156628314
1579684552
430303104
233450350
1172832110
1092133058
903176416
130523017
783138104
1068477388
1766822056
1434047338
969206076
1663637416
1679873292
632070376
1294635758
1047679708
259342582
1875477492
303079290
816839634
1988297628
101281562
12080928
686302984
369064860
1794078490
733384684
1009857076
1227596038
1320026886
827490600
739057874
923398814
779549400
283518825
1701112952
707867544
1414338590
98040890
74514674
1631188758
1539836642
1447667896
1072513906
566853590
89925225
539551352
1179269436
35698510
1876011412
339285218
1326498802
405662210
1315496170
320204425
1921226552
112948994
30323699
181942196
325048503
1950291020
1459666552
1764861916
1137231910
1458943566
1008903250
294819087
1768914524