810994648
219251656
83296234
69655114
729700470
1947143310
558928974
489470598
1295309882
1452912400
671526050
1222723682
1822440648
955550258
729262824
749421662
1585968520
1971532248
731615042
77330185
463981112
265379353
1592276120
77500043
465000260
274660716
134863087
809178524
156149018
796193174
444361636
231025334
1664108740
1607349196
1434823646
200381166
993660924
1400089118
217695539
1306173236
1009437902
181420240
1750013332
1495345344
73452952
41606460
1869503102
442420238
497303944
414156986
835409654
1105264776
1346515390
855473646
553872936
1024181674
710010568
473166642
593427612
183615359
1101692156
1666475986
744494890
1298278336
160504291
963025748
127817404
1342049102
1426641646
289057455
1734344732
500660104
262631945
1575791672
238215019
1429290116
297506773
1785040640
1126987956
87844237
527065424
910598928
1483470300
1853241352
621658530
1268048148
72366406
46572960
1577565490
971990950
562315346
884285742
1560788154
209567211
1257403268
1258291140
166214361
997286168
1499104756
1306976258
490176402
1515512698
188118133
1128708800
1910552686
175450491
1052702948
1397709822
311814982
807015876
1185981054
177605635
1065633812
61148557
366891344
240860009
1445160056
1684290648