310297963
1861787780
425017488
734402740
281223963
1687343780
537285816
1725829542
168204282
137262028
295099583
1770597500
70178390
670483978
1088485390
295257522
146341333
878048000
148738049
892428296
678174710
1343932482
1513057690
750706000
615919914
1087832894
248060159
1488360956
829419720
82534013
495204080
297512643
1785075860
1844917694
839189794
1939021620
608744714
247428964
62910803
377464820
652555034
1675434348
272204781
1633228688
994584124
89708431
538250588
443022286
822939804
1344052598
1754721616
574162422
24891485
149348912
194762126
1086737760
1951753130
952625894
1266258556
146655667
879934004
111262617
667575704
816140796
286205567
1717233404
1108813318
934069818
1767375196
503543952
138630291
831781748
223648025
1341888152
283471082
1266937234
157884603
947307620
1007629418
130636231
783817388
1195189512
725984258
1396759938
164202057
985212344
1417371426
1135641460
1500587678
788617392
273879535
1643277212
1443559658
1883643178
8367807
50206844
286635014
210143353
1260860120
1402874088
742825938
285204578
756922906
553431844
1913023728
1813711054
383944620
1837790056
1332231616
1846725190
1636881702
243971081
1463826488
319729674
576179366
295639794
719767680
114367969
686207816
1625189488
926268768
25636361
153818168
615928648
1801617530