100 100
5220 623 1104 9868 2382 874 4686 4851 4214 5876 3817 1414 5608 2039 7435 9400 5996 9126 2090 2017 1566 3564 2760 5149 5076 2251 1284 2844 2193 1562 3611 5628 4551 8813 7470 8832 7377 8014 9903 3977 9094 8382 8447 1349 2349 5950 9230 5 900 441 657 7999 3345 2180 7876 9145 8546 7047 94 1742 9512 7981 9048 9753 995 6610 4536 6575 2695 6766 804 4873 9498 8985 232 4850 3480 9672 2780 6892 6200 8769 841 4329 1599 7227 9406 678 5477 1637 7323 9311 7509 6347 3876 2454 5715 8647 7630 9090
1549 5568 7367 4120 2003 5677 3470 2450 8576 333 114 1785 3370 9408 3796 8654 8958 7798 3074 8456 2511 2977 7504 9127 2622 9854 5611 6910 1168 2977 5597 44 8927 1077 8613 1731 5231 7433 3122 525 4586 1620 6794 900 4833 6663 2223 7051 2782 7593 3450 8468 8401 6418 9547 5589 6540 3398 5525 4085 6407 2897 2234 5052 2754 3686 6093 789 5567 4410 4153 9814 4040 18 8394 178 814 2453 4298 8260 3034 5719 1789 5261 474 5049 9603 8113 4435 8912 3935 8640 1618 2622 1636 6876 6652 5191 2058 245
3375 776 6720 7561 8157 7573 797 7762 5508 6351 1841 2995 9088 7452 737 6898 7984 5592 6211 4056 8891 2370 5642 5717 6051 3824 9972 9170 8779 8153 4910 7311 7565 6837 1383 2461 1823 3501 4341 6851 5856 7334 2824 9731 4558 21 601 5445 1947 125 8263 332 4884 8892 1793 2486 5849 701 5903 6297 6494 8388 3334 5790 894 5770 3059 9297 4166 8801 6857 9012 1268 7841 5760 1285 4552 7961 2227 2478 3342 4998 5147 5704 8302 3299 5512 2725 7276 7937 1564 7707 7178 3341 4323 8820 9625 4334 3974 4520
4383 278 8792 2595 4132 2755 1560 2855 8717 707 5984 2038 87 3103 3621 3607 4435 539 6200 4455 2766 8968 2334 2679 7072 3800 4647 8586 6552 4492 8531 6162 8457 696 8227 6436 1904 3398 3752 7841 6609 1861 4428 4182 9467 7362 4600 8829 2687 6992 1099 6367 2642 3298 2409 8428 9956 257 4024 5718 5358 9954 9300 9405 3332 8939 5423 8437 3699 2540 6552 6619 9447 284 7107 3480 2877 7635 1666 2419 6262 9238 334 3385 2122 7950 7430 1030 47 9499 1507 1887 8881 8418 8316 6408 7765 620 1627 5026
5837 1656 9582 3835 6580 8204 4526 2980 756 8833 8869 9742 1128 797 2022 8744 842 9959 8201 6583 3190 5635 7827 933 7547 7128 4109 9179 8860 5321 7031 4274 3757 553 1402 1213 4249 2980 3038 2778 8043 9574 3810 6024 4143 1798 796 4726 1171 2149 5720 3954 3987 709 367 5746 1525 681 5219 490 239 6242 1253 4293 5557 6823 4633 6111 5545 5573 7388 1590 7572 9627 4197 87 9601 341 7454 1194 1568 3816 9446 7827 9495 2408 1060 3668 6986 1330 4033 6373 6030 5117 7652 7942 6902 4168 3666 5623
7607 3985 8488 4496 4837 6596 9717 5896 5352 9236 1499 5924 7293 7448 2270 4407 4232 8389 9674 5126 6517 4279 110 3549 3092 3674 6622 3130 7677 7099 6332 3385 486 4012 6365 782 4342 2271 124 3984 9586 1097 8477 8069 7960 7571 3415 2438 7600 1924 226 5114 1907 4747 6852 3588 3193 1689 7344 2350 3075 3188 9781 4599 6287 3265 7650 2790 7464 2191 5420 7616 635 9586 7934 6190 2498 9777 2835 7090 5652 2783 8642 8596 2162 5456 7416 6495 8817 2888 5139 9229 5269 1385 7443 8256 7457 5780 3736 766
9465 1500 1428 4947 5852 3589 7982 6124 6146 7402 1630 9052 3309 4334 5410 1817 440 5318 1712 2899 7691 7768 4260 7488 6095 824 583 5645 7312 3314 9335 7009 6143 5837 7923 9657 4366 983 2891 5286 874 7081 1119 2902 7319 1805 3110 9070 5977 439 7342 8455 8967 8785 9906 1279 4126 3544 1926 6682 4438 12 2912 2384 4643 7240 300 7346 7940 4566 4028 5839 8414 1700 4246 6297 1512 1657 2098 21 8678 2045 5727 7181 4850 3683 5622 3727 5283 176 3208 1549 6578 265 3406 349 1576 1491 1937 2310
3449 8439 9262 754 1001 6645 2706 5408 8488 3263 8519 9210 8965 9741 1886 904 7707 7213 8315 7507 105 4656 9525 5335 4090 8094 6413 2378 3747 495 2985 5119 9503 6583 8734 7287 3187 6184 6254 6732 4269 3550 5020 2590 8217 7156 2007 3436 1499 4278 1339 4048 1160 1133 9334 935 2208 4482 1038 3000 5311 6871 3693 1509 6170 3363 9745 2989 4437 366 607 7912 2469 1903 7081 1884 3531 3748 74 4126 32 4812 5786 324 2795 4572 102 8380 1773 5719 5151 4048 4282 2925 6505 6810 5356 6442 1513 5471
4261 1280 9299 8390 1701 4518 2554 7186 2052 5315 6231 2967 8526 5324 553 5615 9631 1000 8528 8574 41 1309 8601 7202 882 9785 699 6490 779 6717 1086 4923 8684 6132 7306 1117 8226 3290 5738 8970 2881 5685 1404 3531 1280 4971 2888 4614 8059 1843 3160 558 8257 9747 6252 5809 886 7967 5686 4114 6577 3984 274 3382 8712 5230 3485 2153 2435 5128 3726 525 2427 1687 2033 7477 3089 3590 3794 8585 615 1725 4889 624 9677 2549 5008 6625 5285 3415 4582 841 1323 3464 6756 3805 361 6206 8442 1560
2869 4495 1054 7606 9194 5032 1202 2479 4974 2185 8368 6215 82 2198 1927 5176 9396 4297 4037 6807 7337 7289 9891 4963 9024 6798 1117 7364 4554 4414 2985 9511 7650 4720 1611 96 3953 1629 6364 740 1032 7960 3235 5567 9022 9590 8337 2512 9842 2862 6989 2671 790 3984 4987 3339 8535 6168 724 9179 1080 4420 8833 5055 5193 1945 33 7358 4650 7337 5404 7299 5832 7634 8780 1513 45 7620 2289 9136 8997 1671 7854 7320 8462 9053 1963 2531 5619 9474 4781 5646 5235 5775 4247 3818 1792 3660 9921 7688
4081 5763 8017 2477 3837 8874 4561 4254 7311 8626 7747 1103 3118 638 6910 5815 4726 5245 3911 9665 8143 4823 4778 6434 4470 8064 7530 5450 7908 1102 132 8738 5684 8627 1749 2739 7231 1960 9772 3284 6269 9323 2872 26 5073 1096 7230 9979 251 2392 8090 2560 1512 8737 4647 8609 5849 6968 5809 5591 7028 3342 6181 5314 6721 7832 1631 1949 8007 8092 6367 4583 5600 9679 5604 7778 496 5144 4609 7016 767 5873 4598 8405 727 5197 1543 494 4121 5922 9211 5993 6069 9370 1569 6841 1944 520 977 1963
9143 4800 2264 705 7587 2948 3570 5578 6594 8516 7514 7583 7801 5551 4796 9967 8362 5661 8985 4614 9691 5535 4925 6987 1824 6632 9246 7424 1710 7393 2581 475 5095 9144 1133 9123 5777 611 8870 6389 2482 5667 9606 5161 9262 3178 9587 3351 7076 3600 9985 4402 7141 7800 6528 3966 1710 6818 4608 8627 4282 1458 2581 5504 7241 3396 7458 257 7157 6232 6198 8458 2108 2294 9905 7937 264 7030 6421 7313 5290 5207 5321 1499 9882 1617 4601 8777 1342 8509 392 4059 534 1969 3755 4355 658 3885 5340 5240
5129 5102 459 2266 337 892 2928 2443 2262 692 7932 773 6277 3005 3651 9271 6923 5461 2581 2251 8040 8579 4111 9650 3617 2869 8634 7475 9270 7240 8099 7820 860 6939 1244 4168 9346 2222 7516 4877 8024 8318 2904 1819 5629 4129 2070 9627 3303 8001 8221 1596 4054 847 9323 4402 9566 4327 673 9872 3981 8615 4303 9803 5714 8725 7588 1719 9233 7465 5988 884 6801 8019 3399 6703 1803 6829 843 7496 8050 2698 5727 699 5155 8971 1388 4391 4182 2899 7685 7687 804 4101 8279 6328 4719 4395 8701 7424
8575 825 3516 885 5092 7149 4668 3104 7802 4767 9422 2295 4435 9486 5648 5380 7809 4596 1049 7917 292 1802 981 6871 7179 3260 7327 9868 7166 6577 264 6527 4380 4126 7499 6440 9384 7336 9448 1192 9475 3965 9245 5906 4226 8627 8074 1378 5939 1321 3012 6042 5072 3446 4568 9434 688 1419 9950 3654 2247 762 5386 8579 4607 4072 6478 2783 3856 7857 6922 3796 2978 9013 2438 9755 6425 4964 6118 4255 954 1492 7386 8546 9530 9652 1057 2499 9018 4442 320 5486 1398 5522 4755 3390 3343 5515 4816 3595
6423 598 4064 2868 4598 7650 6191 2522 3292 3529 6583 1461 5327 6417 3652 2608 688 8144 391 6940 6872 136 6654 7146 6650 1473 4132 1259 6275 8061 8595 262 8732 1692 2698 3239 4875 8751 8461 4936 9954 2070 3888 9807 2925 7699 9140 5724 6337 6482 4163 8590 4203 6146 5760 2441 4286 4605 5315 7835 5669 2339 8912 5989 2097 8328 2114 2833 6574 7421 2064 2 5597 9430 8762 9689 6797 5244 8713 8556 8352 3031 6245 2110 8838 5978 7245 3941 1235 7653 4966 7512 7551 4829 1684 796 7894 2464 7872 1679
6931 6178 1381 4692 7229 1914 2401 5238 9428 5522 7530 3179 9754 5362 9250 4604 5640 9614 57 7205 6576 9421 1322 2582 1438 367 6031 1483 6274 2451 9595 5159 3134 2514 8733 3218 3212 9621 1123 8933 8770 8135 52 9378 3435 5758 7178 8364 6592 1543 456 9440 2560 8908 3503 3302 9848 6118 4246 3763 4493 2677 7084 1481 5686 5382 5977 8451 8091 8493 8181 6899 8040 5302 1058 6081 8874 9407 6977 221 2619 3222 2344 4854 3829 5232 7563 4822 7592 9237 2190 180 8473 3338 4449 3722 1295 4072 8829 4963
8662 4932 5724 5741 1851 8733 3663 5113 5247 7163 8585 2570 10 888 757 4016 2128 7176 3696 7860 7338 3895 644 1732 1795 6474 1719 2902 7849 6229 6353 8099 3902 8898 6403 8006 4587 5839 9184 750 8520 1896 510 6096 9682 2692 151 3739 266 4092 1853 9147 406 8829 456 8944 7310 7845 1038 2539 2625 8825 9744 9720 7741 9060 3617 2791 6089 4968 1729 8010 7272 9363 50 6558 7991 2525 2501 1289 4117 4880 1104 2062 9894 8636 5001 5398 1420 828 9745 7282 1726 2068 7728 4143 4770 4488 1004 1264
9469 1254 6427 9347 7462 3513 1993 2539 8550 2436 7906 9512 3603 5809 7761 6130 204 2132 1410 5748 3071 3956 6592 6700 6466 375 1325 8503 291 2452 500 9921 8773 3451 6562 4129 9007 7510 4656 9552 7711 9109 2994 9324 1969 5580 8679 6177 9020 1000 2098 7818 7755 4982 6465 6858 6441 1718 5103 8 1153 3099 2663 5512 8944 8281 731 5411 6798 4343 887 702 3729 5850 4696 373 5885 5037 2595 9033 9412 4199 8386 4180 9243 2485 2227 5258 6609 1463 5725 1765 2265 7945 5268 8029 1626 2067 3055 8239
8411 6252 172 3868 2137 8380 141 286 5533 9488 3504 8206 5344 1137 7329 5092 5378 70 721 2369 3669 3650 4715 8603 8620 1758 4087 5214 4835 2559 2681 9629 7051 9106 4714 5399 5178 6693 7088 5213 9996 8443 9749 7065 3306 9537 9558 515 9202 1006 9185 8133 4054 9127 3402 461 6313 329 4520 4279 9203 3196 7271 832 9557 9841 5945 4922 2869 4962 6022 5473 3440 2025 818 2755 4176 8124 4328 1875 8504 8782 423 4976 691 833 203 502 1841 2530 2435 7567 9700 1913 8943 2869 2497 8610 7986 9989
6492 4797 4068 8665 5407 4135 2867 8735 2312 6385 8749 8049 3270 3660 3305 1930 209 6674 1172 2816 7405 6184 6697 5646 3237 1061 3041 2415 5316 4574 9066 6228 7188 5309 4847 172 7497 9901 1732 4280 3275 5356 608 1010 8823 3190 2367 6252 467 9731 3407 4906 5620 232 7366 5896 3476 8345 3004 2947 8175 794 2483 682 4251 3997 7069 6779 1215 7944 3348 7193 3862 3748 9501 4961 3578 5852 7668 5855 7579 4946 9466 2305 7448 1135 3609 9145 5906 7757 7709 6365 9208 7768 44 9452 5369 2325 596 8063
8503 8788 3145 5776 4351 7394 2442 4554 9312 1255 2288 6042 3296 369 7370 7201 1353 7557 1078 7144 6935 5083 3450 2808 8612 8595 5021 8742 5764 2872 9116 5155 889 6223 2612 9173 1219 2025 4583 6668 8576 6857 4790 8007 7318 1629 5296 638 8685 6276 8578 6470 2716 2200 6254 4111 3881 8378 3793 2672 3264 8506 1401 6413 3071 1017 244 5006 2878 8139 1562 299 2370 5375 6440 5816 9710 7042 2395 6228 3584 546 5126 4771 9438 4870 6358 3291 1062 1589 3502 7311 9560 9462 4917 8321 6425 6715 966 7355
9188 6258 2114 2211 7313 7431 5469 9938 7019 5680 4972 1477 8878 8003 3826 5613 1006 3460 2241 5757 3519 8079 8417 6912 4575 2400 4287 4331 8704 9298 7723 9572 6497 6942 9674 1335 4243 2590 1251 3576 9341 6532 9153 1763 4178 2975 5741 9077 1672 8158 9347 8475 408 7845 8059 5391 4878 3755 5840 592 114 4860 5000 8894 2140 4958 2710 434 7393 2640 5303 9499 3843 1227 332 3665 2654 3903 7152 9419 7470 7243 7931 4506 311 4171 5775 49 422 4424 3026 3466 7115 4954 118 3167 8684 7478 5674 2779
3074 8595 9592 5960 1743 4402 2714 5042 9378 5517 9092 4197 8967 1018 4721 8433 759 4182 6344 174 9430 6990 7145 3324 3475 3886 9310 5095 3005 6632 9546 7180 8481 1427 2827 2090 8425 9143 3288 9566 6600 5976 19 7149 3431 8270 4431 1261 298 2793 7746 1737 9405 688 6525 2047 5416 3271 3467 2415 2417 140 215 4230 388 6057 4738 5464 2954 5447 6132 7473 4699 4783 4335 89 3943 7752 4390 6898 2796 2082 5544 4299 2468 9400 5316 9622 3779 2704 867 7200 963 9920 5466 4334 5999 2205 5341 6706
8098 3745 6542 4083 9090 8179 2878 856 3534 9225 7025 7291 4692 8642 1226 3268 8038 5524 6454 4820 5283 7759 6311 4803 2340 1843 6484 3979 1019 9701 7954 83 7793 8666 6504 2375 1137 7372 4399 5612 9649 6021 8787 9161 9434 5502 6819 1505 9298 868 1965 553 8852 2475 2035 3675 6797 8893 4371 5291 8348 4255 5509 5738 7015 6642 6734 1463 1662 9232 5349 2128 8704 853 1800 3127 999 6543 9540 1445 4016 7338 304 4805 107 2142 6006 4036 2576 3296 6780 5482 9597 4110 1973 245 4588 2539 7523 4271
2780 1182 3008 5134 2122 6227 4284 6979 4213 792 6799 2205 8951 5499 9057 310 3425 7413 9641 3263 4376 6350 246 1632 71 5649 5095 625 4431 1066 2023 8483 1065 6155 5282 204 326 6776 2581 6731 9435 2961 5626 3251 8283 748 5884 8771 4948 6818 7669 5171 5275 3006 5863 6980 4245 9286 1234 554 4864 9040 2037 6774 1321 2085 8706 2240 4480 2581 3625 1200 9029 4647 1631 4271 3483 3692 4310 2039 6514 2816 3274 7737 5404 1773 9960 3279 1580 700 982 5225 4027 7906 9349 3553 9189 2012 7695 1959
2928 5807 2005 3517 9646 8896 5206 5453 5911 2361 4709 844 988 3208 8379 5922 7439 7390 9533 7599 3803 2690 6715 5519 6572 8424 905 3727 2413 1274 7501 2198 480 3751 5095 2505 8345 6329 7444 6648 9889 9347 3781 8837 9576 3779 8635 8298 3402 269 4286 3294 3899 1515 9704 131 1397 3833 9834 2253 8298 979 4855 57 2745 7251 2589 3609 9044 8826 5973 1993 7600 2820 1192 3116 6157 3966 5041 1212 6861 5002 4526 104 7241 4676 3820 5693 755 7469 2315 7997 1174 11 9201 4615 4792 8258 6738 3753
6427 7903 2163 2825 1085 2761 7686 1947 8211 4961 8734 8002 8870 2 3571 5357 7872 403 4569 1982 4797 8905 6636 8624 9999 7963 11 9081 7866 8010 7225 7914 521 2626 7377 9388 8192 6846 484 6691 1245 1957 9251 7065 1427 7938 3780 4501 426 6442 1555 1076 8689 4045 1814 1217 1561 8197 7718 1661 5581 2260 4170 4753 982 9899 7729 8743 5667 5025 6792 9437 8424 1996 8680 9922 311 5317 6815 4054 1039 522 615 3106 4417 2045 4159 8173 143 5481 9890 973 4674 1749 9262 6328 3368 7330 6447 3223
7714 5150 5484 5935 4810 8846 6751 8002 1288 365 226 9850 5849 4696 7879 4690 7532 763 3889 5631 2777 6843 4522 2080 349 3344 7288 4627 2706 2880 367 1386 6554 9034 3377 6424 8921 8175 4365 3983 3757 8033 9257 996 64 7935 8585 5716 8616 4429 3349 7731 2584 2727 7174 5871 3093 3192 675 8675 6940 679 5898 2886 9346 7882 8715 1023 7470 6713 4847 6457 7295 2624 2251 8345 250 2557 7292 9525 1350 8312 1392 2608 1803 4761 1499 4625 9822 6890 3460 8262 5647 4215 6530 960 7264 403 2754 5981
6937 6697 9086 3807 9618 991 3151 3261 716 2892 6695 9067 5799 1363 4717 8711 6142 8448 2345 3880 8464 5712 4187 53 8403 2497 3725 9004 4963 295 1317 4940 5204 8291 1616 7062 8593 2317 4604 6535 530 8252 8181 6711 8848 6575 9069 4810 3928 9262 1402 6493 8658 9153 7275 3002 3098 3934 4246 4985 3878 5323 6159 7733 7387 9645 7062 5337 108 4562 9917 3180 7967 9983 9830 1878 5656 1364 3627 690 3853 8955 5012 5793 6581 7137 2575 3534 832 51 4814 9427 2042 7682 4727 1913 7132 8028 1609 4195
6431 4475 558 8943 9797 3355 2567 6076 1622 9648 294 2761 6507 9323 8368 9525 9430 3984 2556 4787 9693 2553 2069 7855 120 2250 955 4576 9790 8719 2503 3830 2402 4254 9556 4625 5908 4898 581 1698 2191 6416 6586 7446 4535 5643 6027 626 7480 2325 7005 6636 4854 5318 5919 5599 8429 9868 3626 4699 9015 5513 6561 1986 8447 8374 1670 4999 1071 364 3558 1284 3631 8741 4171 5498 5594 4481 3735 5694 9749 7154 6817 7185 2209 483 6396 5941 1413 7927 8090 6807 650 1748 4582 598 9584 1430 6531 2691
9657 2613 2792 5902 5337 739 491 1772 6479 8165 633 934 2674 3186 4673 4645 8847 6158 9373 1624 4164 3996 2904 2927 6914 6287 9807 80 6338 6340 5899 1365 3140 1281 1037 7882 678 9789 5243 7542 1046 7556 6934 1869 6221 4651 2809 8887 7418 3414 7447 7481 7135 7823 5149 8664 9483 3640 9256 6863 3856 2957 2686 2162 7314 543 7604 2790 3428 226 3337 2583 2643 6587 1439 9254 6986 145 7402 4424 4997 4614 1761 7227 2243 8602 1191 2216 5796 6409 9273 5733 5009 58 2125 8052 1249 1930 7501 7859
4574 2359 4262 9433 273 2364 9431 2396 3891 7853 3649 4966 4186 1569 741 1318 1542 5778 5302 5681 5623 8058 8642 5180 5752 7962 593 1959 7877 8616 3117 7550 9217 4400 6944 267 6992 3949 743 4382 3076 3019 7874 6988 4763 7227 7676 1948 1342 9186 426 7541 2247 4757 1458 8345 6854 8029 1816 1995 3013 766 5995 2012 3226 6618 6753 2707 4365 3484 5860 2372 7892 5745 7867 7399 6879 8413 8677 6665 8809 5823 8161 91 1317 8101 8322 5147 5788 7800 3290 4082 7584 3195 8729 6789 3629 7716 245 5834
2612 9311 7854 451 6009 7667 8278 5216 8057 2213 8767 358 868 9875 2356 8877 1371 3778 9477 7029 5569 6839 524 7317 6240 2683 2668 1865 5590 1559 6724 4113 5160 5029 1664 9227 4810 4671 6192 2703 7046 8878 5343 377 5123 6747 598 8784 9085 3594 58 7260 1147 4045 9781 9668 3403 210 6064 8760 2916 9140 46 4261 5383 5407 9982 6984 3279 9565 1074 2020 4185 4797 6528 8897 7856 6503 8564 6591 5750 26 5462 6240 8231 2742 1451 6129 2021 5358 403 9843 7762 3835 1646 8595 8886 6261 4510 2590
345 6957 6145 8547 4584 6497 9772 6907 700 7761 6706 7683 7091 804 2391 2153 3499 6991 1512 8310 3272 5859 8595 3680 1595 5669 587 9248 584 6747 5563 4226 8587 463 1757 7690 4390 1723 2878 953 8400 7482 3729 5139 175 707 7232 8650 3375 3150 3557 2414 7186 9656 214 1622 8041 4266 9431 5416 9326 6997 6842 5103 8972 3619 1384 3798 2920 5558 5452 5644 9114 9382 2598 2320 8344 7752 4441 7699 5192 5850 4213 3852 1623 704 3998 1004 509 6965 5649 4717 1182 39 9066 6832 1531 6109 782 953
5933 8704 2199 1611 366 6611 3722 1625 9824 5398 3451 5107 762 1011 6754 4227 3182 3694 4813 2992 936 8847 4841 8671 1644 5314 4044 4345 7126 7553 1772 3140 1193 573 3793 6457 7685 2175 2857 9066 5779 1691 6028 7243 1354 960 2469 6272 7687 8662 8212 1806 4547 8843 5668 2635 6540 9055 2027 1386 7580 5931 9094 1992 1937 6305 9641 277 7597 1231 4452 1642 9141 3987 5417 9938 6515 686 3385 3796 5569 6543 9432 7452 171 1970 1979 525 3620 330 795 2690 9491 6094 7321 9181 5885 9017 5394 8882
7248 1108 925 5997 1731 7757 5991 520 6711 3845 3414 9176 3229 2640 3673 2175 4292 74 1673 3359 4866 7181 1100 3241 5657 4977 2138 2098 3298 5170 3239 4264 1208 1225 3545 9867 5427 372 3702 6485 809 7380 626 1361 6988 2423 5684 4673 743 8171 6531 3449 2204 4874 4151 9543 1775 257 1918 45 643 9559 4434 310 1082 8241 5560 2317 7331 4957 153 6374 1803 1341 3485 16 1046 2693 3955 5422 3118 3112 6559 4988 3602 4554 4657 5742 1936 4588 6888 2839 2119 6750 3768 4817 4605 411 8623 5530
4019 9855 8197 4005 2262 1541 3046 8078 3242 42 5887 6001 8317 8967 557 7434 4915 2941 4008 796 5999 8068 4028 261 6413 6587 1453 7914 3812 2939 8091 9565 9790 5162 1716 8376 5748 1273 1410 5932 4839 4993 3420 2377 4595 2500 83 9183 9593 2334 5434 3695 9590 4439 9475 6309 4394 4274 6777 6829 3416 5429 4095 7192 1162 8797 1470 9075 5095 4226 3328 5601 2422 240 2342 9647 7958 918 9797 8427 116 3405 1739 9717 780 5722 2675 7729 7817 2243 5791 2236 2350 6198 5118 852 9543 4931 5632 9442
8434 6192 2759 8244 7496 749 2397 6877 914 6551 4851 2619 7255 282 1433 6728 4467 7212 8874 8115 2716 3397 8863 8252 4912 1043 9073 2551 2662 5814 5330 6706 3417 2586 1870 86 6298 4925 2735 9040 3023 3169 981 805 9363 4736 3814 6278 2267 6744 9760 6553 4805 851 6498 1785 1385 1039 9171 70 4141 3730 8280 5921 6365 8764 1405 316 2321 1102 1955 2665 9234 1491 4932 2733 8391 3738 2938 5867 6457 6423 4721 3787 3526 7695 2491 6885 7233 8305 8463 5023 6786 606 6988 6127 7833 5876 1989 4907
8398 5329 8028 1242 9978 4635 6839 2544 7064 8433 3983 8046 8429 3813 4571 7421 8343 8353 4150 3563 1944 5063 5773 6066 3006 9415 7373 7039 1835 5247 857 4874 1609 4920 5507 1062 4850 9262 2769 2968 396 5315 7382 4211 140 7258 7399 254 6409 7797 3633 7993 8037 5382 4729 8034 8277 2899 9630 4765 4020 8693 9938 7141 3690 5722 7394 3519 8289 1958 4184 108 266 9206 4311 9694 5374 64 3765 3137 8151 9682 723 7154 3465 9374 3436 245 675 9706 619 6465 3202 2132 6199 7975 8216 1580 7576 2715
5284 1508 6675 7914 1560 6481 422 2654 244 6599 8200 5735 6074 2156 6424 3089 3144 6150 9051 2357 2800 6936 2453 8484 1335 6000 9094 5308 4435 8129 9174 599 6885 614 1917 2191 3412 1007 2023 4106 5415 6335 2265 5115 1336 2504 7242 7892 4366 2320 5538 6072 8944 1670 4347 2959 1143 5746 9353 3690 8818 1774 9815 7943 3595 4952 6337 855 6720 2332 4158 8181 1646 2282 213 6830 6013 3581 4032 2310 1773 204 6056 3415 6456 6112 7100 1156 65 6976 4397 2207 893 1870 7801 2062 7729 1280 3922 1326
4418 2458 434 844 7600 3318 7474 196 212 6433 320 3869 8548 141 7536 2934 9388 9707 3610 8258 7498 7336 6645 9829 7631 4338 8931 9107 3145 5144 4535 9877 8549 2982 232 3666 4849 1784 1092 3347 3196 7508 2773 4150 4363 2739 1604 545 990 1263 5192 2007 6129 6864 6449 7811 8358 5756 4244 3048 6643 4153 8673 2505 3061 8727 527 6715 4762 6150 4672 9972 5306 5126 533 1780 6927 9037 4800 3880 6546 5733 7600 557 9787 1631 1306 3298 2616 6444 548 2592 4158 4204 9045 8388 6106 6865 6670 8202
8117 5695 6066 7939 1142 2746 7148 842 9291 1665 5691 5570 9994 61 1955 5045 2104 2836 1800 1208 4108 3141 2134 9836 7871 6966 6451 5179 1127 2940 4963 634 3460 5219 1350 5763 6888 8539 7186 7508 9090 1956 5687 8412 8397 9039 4853 9144 2671 7877 4843 33 4643 8659 1377 543 104 3083 6918 1095 6371 9576 698 7752 8086 853 2756 9604 5068 9590 9648 8420 9498 1553 9392 7147 2141 2625 5272 7892 5371 7287 2092 6523 9446 1193 5756 9903 2763 5901 3573 5589 2041 1801 9615 6283 8998 3212 5427 4361
4523 8288 2340 7256 9472 3575 8301 9965 8067 3517 702 6904 1339 6931 5392 9033 6942 3776 133 2166 1497 171 3357 6888 9846 3510 1200 5562 9274 562 5783 5078 4753 1549 5366 7986 2229 5594 4352 3593 1728 7369 6259 9908 416 8637 4680 7033 8615 7 9813 4199 761 2376 7738 3614 4951 6730 9432 4210 2011 8378 5801 4927 5940 8572 9792 7261 8693 2181 2244 3932 7328 5563 7521 8290 1886 8018 4753 6389 7802 6961 1174 3946 2751 4710 8801 363 2913 6793 9791 3920 7132 1375 1989 5582 5463 5109 8705 586
5498 2312 9167 7824 6572 7471 15 5320 9481 4789 2623 7001 8760 4054 102 5513 4526 9619 6057 5601 4526 1343 9149 1114 6997 4796 1995 6040 8248 6979 8361 1695 4845 2196 24 2300 3506 7138 1168 687 6736 9476 9296 9236 4643 4244 6273 5830 5844 6384 401 9252 666 582 8518 3714 1268 5902 5463 3227 5633 8824 4002 4977 224 1305 8405 8639 4089 2164 7256 5498 4920 6787 8052 7560 2627 260 619 1816 3025 6579 7265 1876 8451 656 5595 8374 9502 5509 4695 5247 900 7287 8007 4583 8419 7225 7221 1395
4834 2203 3319 7979 2457 2593 5840 4487 4072 6313 2928 2279 5361 1923 8036 9448 643 5827 7362 2726 6169 2053 8553 8470 3982 6941 442 5658 7925 918 5333 6532 8838 7395 5720 1536 2420 1155 236 2856 8894 1088 6718 5147 4560 8378 4036 341 2616 8973 6470 3285 3598 5549 1058 9860 3179 1672 2173 6516 8848 6223 2847 5384 9575 3370 1781 9038 7649 2951 3905 1327 5700 1312 2418 9846 6552 4613 3851 9957 5091 5980 9416 9490 105 8221 5839 9892 8078 9436 3348 3516 1786 9233 370 6607 1889 3537 5045 5379
1936 6734 5299 6819 9696 5489 9924 4401 4328 5624 3264 4734 7737 1611 6936 6247 4414 6710 8162 9981 9234 3074 1400 3397 1887 3390 9043 3044 8058 9610 6641 6527 8225 2151 2956 8593 2979 5337 9386 8321 8118 2878 5644 6696 8764 5630 1392 522 2695 1723 3155 2443 7890 7321 3349 2466 3904 1577 8021 4251 2139 6385 383 3297 5899 5715 1539 5948 6039 1559 367 4790 6046 7702 8807 4920 2131 6476 4029 7520 5006 6113 5017 8150 4205 4564 189 4517 7671 8310 7388 8368 9528 7906 5706 1792 4948 2010 9420 1011
3835 8805 8922 5099 8859 5118 3528 3688 2978 8596 2767 819 4559 2068 441 446 2350 8827 6206 3475 4469 3736 7467 1732 204 4571 287 3264 4968 7655 1004 1615 3866 9813 4377 9774 5058 9119 2068 8387 4638 9023 459 8902 4723 1735 2165 7398 2871 2236 2972 2276 6032 2395 6234 4317 717 9140 93 1956 931 738 5243 1648 1429 4652 2870 988 8288 3725 1773 3157 8637 744 2465 419 8200 1656 7295 7805 2259 6770 2899 3747 4595 3506 6042 664 3386 6372 6816 7033 7348 9777 266 7656 7892 788 7550 4112
816 2074 4089 2761 8948 3303 8500 164 3693 7749 4687 1298 1861 7463 3210 731 6062 2581 9482 8621 8641 3904 7162 4395 1079 140 2791 3088 645 3821 7031 2513 5452 1940 5093 9568 2703 5630 8009 7244 2857 9935 4191 5284 1734 7856 3735 8119 4503 1758 8231 8687 7314 8988 7661 643 1831 6050 763 2940 8642 5369 9421 1364 4399 7416 8933 9338 503 907 3188 6157 8019 2591 3641 4584 8445 3408 6648 7067 5046 5415 875 6814 9136 7036 6022 980 1235 5039 6640 5621 8982 1775 7085 3174 371 3560 413 8474
7747 4677 8284 9976 519 8801 21 5738 6329 5154 3440 8891 6462 3588 5112 4057 9239 8162 5737 1243 3429 1961 9837 8841 1871 4477 4253 4245 3540 6538 9772 1121 1435 627 3972 3490 4583 7788 3609 9042 1146 5405 790 9098 5311 4126 5904 7315 747 6140 7170 4183 9864 6122 2193 7001 372 4288 7547 1145 4500 3038 4857 1364 2388 624 2596 2219 2832 9811 8343 8499 1991 1643 3747 1902 4712 8844 4660 6594 6747 895 6766 9740 3203 4543 9989 7286 6421 8101 4096 6284 7308 5426 5180 4493 9388 3073 2132 4594
8122 4152 2070 8467 6400 4073 2880 605 4093 4924 597 1883 2546 8447 7893 4511 6938 8979 6322 9107 1174 3970 3241 7956 5059 4325 1745 8643 3813 6555 2207 3817 3843 1209 8284 8021 8184 7150 8223 4178 56 5800 6263 7100 3169 1378 6954 5023 1966 3065 7212 8412 7880 1742 7169 4848 7311 1655 6464 54 1802 702 246 348 89 1896 6473 6400 8995 2220 6441 3332 1217 2466 6602 282 5047 6209 4772 7426 3287 6679 4776 5060 9192 2500 6582 2117 760 9594 48 8565 9585 5321 1468 4850 5859 453 7132 462
9207 3634 252 7092 7019 9247 2958 6039 3298 9936 7910 8021 5165 2643 1179 553 4835 3042 6031 8687 5444 9339 1997 9765 9101 8510 7524 6239 3949 444 6599 8152 4822 9698 9920 2562 1349 9937 2954 9067 8176 2826 342 4821 6444 6886 6923 880 9719 4772 4906 7687 9157 422 4456 1164 9761 7845 8189 3966 492 2586 3779 2085 4612 2134 4005 9551 788 4687 2851 2857 2978 5403 7817 2433 7127 9054 5725 4227 9583 9356 3230 5862 7432 4177 3763 3733 7123 6067 3856 82 6556 5746 9630 7769 6007 702 6802 3149
4403 7693 3433 987 7866 9889 1676 6656 1934 6804 1627 842 6946 7883 6443 3171 5508 8505 5574 8917 8363 2490 5074 5229 3447 8839 7943 7394 6535 260 7429 28 1142 3956 1958 2811 3305 6707 6495 397 5938 6317 3674 2932 3918 1087 9116 4896 7031 6478 9838 7464 9855 9391 4315 1925 9133 9194 1925 9037 5808 6217 2727 8246 595 6528 3506 5034 8561 6826 2419 386 2342 1330 250 1834 5672 6602 517 5585 2496 4220 5248 3697 5541 7641 8193 8309 1441 5230 2975 3492 800 4723 4938 3108 1249 7087 114 9642
3734 6371 519 7314 6738 8952 8067 8763 747 7816 7585 4682 3555 6676 9582 3586 3880 8963 562 365 9301 7797 2264 276 4019 7790 6704 6160 1397 972 2542 3430 9989 3439 8658 5202 127 7153 8131 3075 4735 1472 2402 2225 2109 7330 7318 1767 8385 6130 7866 8024 4218 4509 4939 2747 2221 4767 2262 2182 5119 5908 4368 6437 9804 4540 280 8396 4951 617 9959 7249 9278 9353 6355 6748 2417 2889 7539 3195 8692 6609 8579 7330 6918 4115 1261 8646 6116 8196 1440 9016 8896 5398 1129 4557 1306 2589 5631 8411
5007 8782 2692 7446 8912 2571 5800 2529 8390 5473 3571 9117 4179 2535 7082 2392 4728 716 3548 831 5026 7643 7227 5173 5634 9488 8696 5970 1954 4708 1922 872 5738 5970 5534 6399 9496 9097 6759 4514 1174 1081 108 7849 6043 1845 1473 3349 3268 5768 41 6964 5433 2315 2063 6919 3332 9165 4553 8009 7337 7857 3658 3075 9342 881 4943 3991 9698 9929 6604 8659 9413 928 2513 7378 3418 3153 9458 3393 2837 3690 6470 6653 7048 6962 5854 5306 5997 2552 6119 2372 5593 236 5898 9204 453 1130 6533 5671
6556 7127 195 330 7707 9131 1428 461 6223 7765 3661 3091 3459 2513 7500 8499 5624 8459 3626 7317 4098 2402 4435 3326 7560 5764 1705 5581 7661 1882 8949 481 2918 9456 2597 7859 1244 8047 2268 9878 2027 1403 7338 1634 6998 9867 9870 1527 9135 7717 2425 7805 4363 6213 2571 2300 8238 4123 2263 3992 1130 5705 8890 2919 2555 6023 2117 2556 1889 999 6316 6814 3526 1608 8191 872 6980 9346 1214 4283 1730 9412 4970 906 2270 2594 4635 4708 2243 6104 6887 2114 9775 5006 8505 3860 8220 4918 3337 6379
1164 8243 6169 4726 184 4955 625 2395 3015 6783 4889 870 4271 3448 1679 7937 5621 62 8720 4378 681 8481 6898 1884 2243 6093 589 9015 3173 673 6365 1760 4602 159 8011 5667 5330 1225 9897 7908 2537 9318 9997 8302 3062 7437 8111 5721 2441 8885 8896 1851 1919 1111 5706 8916 1171 53 548 9567 5249 9862 3252 4397 6713 4091 2937 5324 9498 3876 5128 5188 1270 8756 5602 7460 9399 1411 2338 8409 9281 8531 6104 3167 5197 2831 5840 3599 6371 1625 8404 6678 9777 4426 6844 6736 452 2121 9614 7273
8504 6617 3030 2300 5038 5327 2252 6192 8943 605 594 360 8442 4835 1461 1986 1600 8614 3867 7878 7810 6094 719 8064 8993 9281 6222 6177 1743 5718 9788 8945 7269 1182 576 1989 4776 9365 3526 8781 381 547 725 818 3319 695 4161 1227 6383 5300 1651 2235 6179 6454 3574 6612 6312 2488 4611 1561 9131 3701 8677 3020 8978 3084 9037 1579 3358 5239 8590 1906 5092 89 4930 9619 9673 8455 1157 6086 2706 8193 1465 7100 7190 2712 4398 2587 1056 2573 1036 211 234 1764 5065 3428 4096 9846 2252 30
1766 307 9016 253 5233 8731 350 2283 2799 3544 3302 2406 7383 1642 4238 5154 2291 6874 2208 9764 9560 7069 446 6364 6941 6539 3160 7219 5532 9414 9763 3376 1645 9292 9521 6550 8286 216 9282 7709 8459 7931 1847 7975 7367 734 4980 4970 5447 9474 8526 142 2486 6365 2113 6553 6266 8139 1248 4452 6251 7336 2423 1220 9867 2415 7121 7109 4587 9972 1632 1247 7188 1978 2321 6383 8678 1328 8144 7568 509 5068 8582 3968 8909 3890 4072 1753 9008 4785 5962 1927 1222 8636 9074 7637 3596 7072 6203 9672
2653 2649 6697 5699 7342 1404 3301 586 8189 7986 6216 9579 9442 6407 4177 1634 8708 506 558 232 5096 2057 7542 4599 2266 3167 252 4023 3181 100 6864 3679 4030 6517 3556 5176 9771 4299 2019 5701 6627 6795 3213 402 9489 6660 9378 249 1991 4854 4607 5004 1201 9436 5574 5132 4485 3173 1230 2861 5188 2264 2132 2061 9090 958 2026 3016 9041 2877 2071 4843 1500 7247 6110 1658 2293 1446 978 8433 1678 5390 7867 5116 2612 2084 8973 8879 9444 9253 6221 1215 6078 2924 8443 1191 1551 2074 6202 4585
1491 5060 5930 1513 432 6146 4337 406 4789 5954 3846 2005 8951 6388 4953 5786 408 8148 4492 1754 9756 4132 4636 6734 5105 9958 5159 5484 4147 5671 319 6526 6593 1766 273 5328 1406 4039 7098 588 9605 2590 5037 273 3010 784 3793 5757 4949 7532 1876 6831 2582 5856 1741 759 7156 1006 3746 3074 7043 994 5988 7331 2820 3388 6009 9192 1651 9483 7108 4589 8652 1666 2388 3880 249 8691 3133 3629 1585 2436 9668 311 4420 5617 9729 3153 3426 6803 5758 7265 5221 7493 1874 8763 6816 6988 5644 7102
2939 275 2685 2478 2966 2010 2040 1694 2666 8564 9591 2317 9179 3929 487 5987 9149 7512 632 4330 1433 3108 6189 3487 1920 6446 6897 6003 6351 6337 3321 1971 8418 3426 564 6095 1135 8168 3104 4647 1225 7010 8939 303 4255 4694 270 6619 3554 1690 3261 217 155 3075 9809 9444 4409 9817 1215 9887 6865 9812 4028 2421 4687 9089 4916 2333 981 5141 2351 9763 7689 9066 7856 8262 8548 1883 7543 6559 8985 4827 3991 443 5896 3322 5304 6019 9711 9828 593 6996 5138 1831 6474 4436 9554 7088 8249 3793
1167 5722 8803 1238 1258 3934 4390 5127 3349 9217 370 3854 6452 3107 366 303 3168 3580 791 4045 733 7198 6205 189 739 7666 525 9327 114 1820 8811 5095 7238 9085 7609 7660 7947 8775 1422 5064 6193 2018 6606 184 4508 1081 8650 7665 8906 338 6674 2962 4335 1621 178 824 0 7792 153 3408 916 7460 4498 2465 3108 4257 4030 8353 882 7535 1448 5980 3526 3593 8998 8450 565 7962 2261 5919 5526 4678 5763 4204 5595 6377 6333 4762 2898 7282 2298 3609 8249 1668 1719 8071 6296 1688 8636 1081
958 6958 8831 4303 9246 9569 7463 9472 3564 6011 2446 6423 5529 7858 6706 9376 9786 106 5425 393 7001 8111 45 8542 5838 8135 1211 6733 1065 5470 2021 7342 837 4204 1290 7376 849 7713 162 2600 3159 3150 7044 7983 4508 8484 5227 2217 1403 372 584 6866 1849 9254 9322 8398 2861 2835 6736 6928 8125 2603 6936 7943 463 8282 1097 1242 9660 153 3651 2691 201 2453 5342 4821 7819 5472 843 4265 3222 1797 9557 2186 9332 5741 9799 9222 1676 9847 8997 353 6286 7792 1009 2606 739 4617 5927 1635
6492 3904 6808 1530 1445 2875 7207 8097 5576 9284 2504 8097 1833 3803 6 3230 818 2742 4407 1802 6217 931 3340 310 9202 8823 1054 3019 351 1144 3072 2109 1467 223 8559 8914 1289 9848 7768 4483 8341 6527 2085 7499 4136 6442 7451 3527 6995 6659 6406 5851 3097 5722 3038 9376 5243 8736 9366 257 6337 799 5152 7147 6064 9357 9810 6803 5394 322 8052 6958 1739 2639 4710 9413 7708 4296 6122 9939 2318 7212 4410 6659 4886 8569 8000 286 1764 6784 5411 956 7356 7571 1579 483 1291 8977 5490 5920
6354 9686 312 1035 9307 3980 9574 344 1962 5009 4554 8978 6339 6979 4854 1860 2368 4183 4622 3605 2201 1251 6695 3926 4291 3054 1955 1664 3384 6076 4656 1635 4198 4415 6135 8978 5162 5137 6172 2891 4675 5576 1560 1445 7658 7921 1599 8731 1462 5769 2209 1782 4226 8574 682 2866 2011 9521 9428 714 6884 9340 8904 2299 2823 4479 6926 4553 5634 494 4511 1156 2478 3200 2576 9955 5307 1545 2379 5732 795 1320 1193 7484 7172 6739 2017 7886 5210 5173 9116 2449 7413 7298 6567 5148 6756 6897 5694 9039
9981 3060 8314 991 7802 9896 960 7557 3312 4715 4589 2153 2899 1627 9107 359 6101 749 8548 4053 1502 9624 4601 2629 9939 3921 8941 6624 1180 3955 8741 1651 3894 9235 3750 7186 2708 4298 7110 2367 428 9665 4110 8018 2024 2957 1548 8810 8719 9110 3086 1604 8731 8474 8643 2777 5756 1089 9619 7313 3181 5765 5493 2039 2973 277 1007 7387 2242 288 5669 5959 816 6416 3031 3457 8762 8359 7041 439 3273 2251 4979 9720 9586 2496 8498 4634 6430 5405 2155 9447 6178 4731 9587 696 6322 6000 163 6020
5960 7233 8602 7647 3209 7523 4018 4824 9799 8102 3071 2527 9868 8799 59 5667 6624 1342 6978 3624 2283 3419 3451 5753 7137 3556 5333 6380 8201 707 381 2809 3965 6799 592 213 8339 5419 169 9525 8392 4772 5975 1176 1322 2279 2663 213 3506 3546 9543 2880 696 1064 2556 2784 1169 118 9326 8705 3171 4437 8202 4431 7815 2757 4613 6749 522 5024 3112 764 7494 5425 7367 7607 7046 3444 7733 1871 5212 1282 3209 7884 9513 8038 5845 1028 2247 5520 7929 9451 8962 6620 8226 7259 6756 2535 6789 1280
7938 7406 6812 3150 3408 2807 4772 1271 249 5807 1338 7325 8301 2081 1233 8204 9204 9366 4771 221 3638 9342 4662 8144 1456 3143 4177 4536 492 6123 2728 4810 5310 1935 274 2090 8609 8493 7799 3733 5215 9503 7851 5241 5583 8002 3458 1419 9639 13 4513 2644 5206 4038 9273 9217 6360 900 2429 8319 5149 769 6508 8762 1878 269 909 3216 6928 6395 1040 1326 127 689 3848 9593 5259 1510 7157 637 1744 8611 4167 758 6413 6177 5283 3154 4742 888 3885 1590 1664 8562 3532 9087 9516 4561 2756 1579
451 8725 7488 9355 6106 3653 6140 8231 9499 4695 3409 2322 1661 6162 3296 85 1558 1783 5496 5309 7422 2162 3314 6501 5666 8041 927 3224 7614 2406 5476 4490 2012 3829 2153 8954 1815 8381 2082 5406 3197 7175 7390 4781 2564 4644 9030 8165 3430 4094 6065 4582 7012 756 5850 1414 2083 8738 4981 2862 3103 7955 8575 1807 7119 8953 6661 2814 5226 4369 3067 1786 3792 5410 3766 3585 8950 1532 2629 2566 2348 889 3579 3799 7239 590 2566 6514 7261 1154 2099 909 5235 1656 4964 4390 3127 2455 6666 5840
3229 4620 8728 5124 6723 4928 2235 1759 2068 1748 9966 6460 9153 3579 2778 7923 6568 1792 1070 77 1580 4822 5250 9912 7211 6791 2275 9075 4130 6075 9577 491 217 4104 5628 2343 2891 8903 7524 1215 1039 9325 7641 6527 7691 6624 381 1971 4049 8128 7914 1961 2529 860 7126 8289 892 7121 3521 3780 8293 2411 8709 9195 814 1626 3258 5607 9495 3849 6375 9735 8098 7170 7384 2174 7897 8808 5744 5481 3565 4198 2927 4012 8481 2578 3443 1959 275 632 8603 2919 7237 2907 4422 2953 1325 3212 6031 5934
422 7768 8940 7823 210 5134 6038 8574 1648 1179 1436 5419 4085 4960 1179 9933 3646 3663 8156 3144 8469 7840 1906 8286 5879 6441 9255 9611 248 4779 1176 4907 1187 276 1773 949 9723 3331 3378 8916 9580 5641 5931 6255 649 9642 7605 7417 944 1935 8388 9021 2882 94 4623 6694 2718 456 3192 6877 5347 3395 7481 4439 4206 3621 3320 5091 9469 1782 2435 4446 9768 545 5959 9049 9967 7328 4901 2502 5836 3622 4735 460 1803 8662 8872 7468 6853 5009 5072 693 5658 8484 8577 3717 7257 9781 811 6315
4383 4603 6801 3375 3412 3237 2074 8634 6528 6239 2396 7606 4397 5085 9161 5034 3045 8519 3804 8992 6118 1366 4730 7026 5579 3673 4832 3007 4835 9882 2148 7579 3752 4249 8499 2922 9310 344 4750 8419 1352 3798 9741 1475 3134 5139 1152 958 2800 2151 1965 8414 9508 1783 8382 8182 3485 2749 4009 1692 2226 6147 3685 755 2775 5901 5107 2137 5199 5705 2058 9928 8637 6343 549 9651 800 9561 3540 9661 9378 7284 567 9484 617 9501 1594 67 2999 2142 2106 4885 9996 367 2848 2888 9772 6521 842 4360
2542 3649 4502 2759 1569 581 9760 4037 7386 8169 6468 3717 8847 8388 353 9704 8741 5916 7559 9297 4367 7161 8946 58 3899 8320 6194 6434 8706 4406 4298 3979 8904 8827 3554 3391 12 3981 4384 2015 598 1635 1798 9375 1183 2880 6006 9166 5246 8726 6200 6944 3607 2944 4423 6448 8618 5804 5231 9585 5182 5948 7016 7811 4073 2478 9246 968 2853 1530 5480 819 7059 3301 1708 8490 5068 6121 6409 7845 2255 1125 2650 8981 6448 1038 1453 1265 6403 3181 3836 6301 331 4229 8867 2586 5931 7849 55 4787
1709 8670 8783 2628 7869 3492 5555 5818 5202 4853 8829 2024 5748 4629 42 1212 8094 2142 2903 2545 6595 7445 3105 7026 2249 3474 8343 9955 6765 3853 1448 4347 5152 1294 1670 9063 1010 4154 9011 5115 2970 349 8088 950 3871 2439 8749 5253 3771 1281 8473 4047 6861 4814 7284 3038 5346 8158 177 4090 8253 6519 3308 6431 2202 8534 9218 0 4707 6307 6474 1184 9176 493 2700 4847 4444 8611 9988 8589 1186 9571 3357 2851 1029 9111 2121 1761 6712 5573 9527 2489 1830 366 3640 6227 8584 2561 7451 7929
4093 8670 6652 3072 9851 3867 9164 2972 2832 3304 4674 981 845 6856 6652 5712 2705 8950 9747 8644 2463 2015 9478 4108 4073 4209 5867 2997 6302 2225 7296 5266 7882 351 1400 6375 8906 6581 2176 7520 2611 9309 2796 4413 2218 1858 9318 2011 6602 9359 7609 9969 111 6652 6790 5208 1890 7806 6499 9319 7430 6807 6601 3882 6323 7199 763 1126 7858 5683 1661 2351 9998 9134 7481 1860 2124 2146 8893 3882 289 9323 8945 2216 3273 1472 4044 912 7047 5668 7127 451 1955 1030 8988 5968 7947 3902 4914 8427
1049 6831 4001 8913 9384 6467 945 1135 4714 4949 9761 9168 8857 4591 3722 5442 9408 2178 195 3160 5962 2801 9130 1399 4465 8325 5029 5364 6267 6696 8503 5193 8317 754 2721 4627 2621 2023 4829 1386 2290 3454 3388 8044 9957 8323 790 2102 9349 3728 2370 7197 4833 3606 2417 2117 4914 8636 7749 3406 6916 3847 8919 4879 7746 4251 6828 5360 8468 9778 3985 9420 5233 4108 732 1028 7437 7204 421 5354 8066 1154 7925 1282 6278 7427 1325 9499 781 3831 5368 6639 7906 367 8324 6666 7195 2407 4333 3313
6653 1658 873 9113 4032 8301 5733 5507 3015 8215 266 476 2152 6465 1545 1400 5408 9003 6547 9527 3262 7730 2788 9998 6523 2117 6582 7472 4696 8641 483 9360 27 3345 8694 6575 3641 5208 8817 8935 5327 5962 1997 3555 7474 412 6209 5574 3876 7245 4858 6475 2485 3030 3383 6839 1114 4844 282 8125 9686 6034 3067 8464 4148 8264 9751 5598 6454 2802 394 5272 8284 8141 6580 8099 8802 4918 1146 2345 3680 9660 3617 6558 9320 8915 5195 1728 2606 1532 9540 4073 6371 7289 7427 2228 8081 1827 3614 3830
7760 6252 7585 7556 7514 8722 7294 2866 2418 3087 467 5069 4090 2113 6885 8505 8206 1576 2902 3613 9319 4196 6041 7511 7725 4057 626 2054 8797 226 9425 549 4877 18 2171 4258 9706 9168 8382 3338 9691 6323 4018 3520 5032 677 7299 2464 2248 2773 1333 9515 3204 8620 2686 2422 6442 2892 9182 7731 4582 5072 4952 8526 6167 2531 5660 2786 2666 9104 877 770 2848 8119 1631 6791 5118 9164 4897 6557 3186 3060 8390 3067 7442 1552 6380 4810 4102 1272 3389 3172 3412 2352 653 2790 5742 6144 2040 4071
1489 5779 896 9301 2151 7009 7512 545 7786 4307 3870 8964 1712 5425 4149 383 3804 9228 1142 182 5416 853 3361 4752 4537 1181 8330 7237 7099 5503 3748 8904 8242 6840 2326 9270 7412 1837 9267 8807 986 3212 936 8992 7156 579 2855 7683 1208 1647 3995 6123 4192 2193 6702 6634 5373 3055 9915 3053 9523 4399 6937 8584 7404 5547 1948 1835 2901 9091 8545 8064 5806 4576 2754 6483 3566 7711 6513 7994 6036 8454 8756 8353 8850 747 6024 3431 3042 9917 1010 1162 6338 8730 1490 9041 1074 5442 3138 7209
84 2761 7182 5769 247 605 8811 5435 4348 1231 4831 2247 6952 6753 2741 8422 7681 8392 5793 9917 2048 8106 9090 3208 1211 5758 823 3020 2583 5362 5644 3864 6782 6295 7940 2215 2364 1100 5061 4485 1599 4575 6427 161 5662 6961 5167 1955 1506 3710 2065 7283 2866 7482 6399 9360 3224 9705 4504 2086 4693 4116 1719 6932 8095 6098 5615 5453 7495 6083 1775 9740 7845 3473 6798 1987 1734 4965 8043 7208 2540 7188 4485 3034 686 8949 4837 3686 8938 7738 8869 1167 2907 3238 2310 5371 9877 2771 5363 7818
3692 3329 8736 8101 4391 8316 5675 715 8882 3761 6007 1633 2342 3125 4965 7793 2008 498 2149 6471 1267 5253 2175 1638 2459 3053 5726 2552 9873 6821 951 1562 7846 7129 1851 1076 1648 2833 6410 6157 5426 22 3567 9345 7887 9938 6883 4768 5902 1609 5514 7181 233 9567 3768 1353 8323 5110 9110 4167 4831 4626 6869 2707 2329 3724 7540 9007 6381 7197 3454 4142 1633 3486 9317 8841 7034 525 2908 730 6782 9469 3321 6640 5784 3977 7409 200 192 7699 7154 3667 8636 5083 1873 3158 7023 6041 1743 9315
863 1941 6300 8326 5255 2443 1786 9296 4546 8139 5174 3152 280 5828 8729 9659 6998 8248 4589 5910 3230 5112 6726 9909 5104 8419 691 7351 9057 4242 4529 9050 5218 3868 4628 1598 9139 6499 1603 7590 9485 3061 8524 2012 2642 5036 2287 546 2714 6773 2587 7508 8615 5894 6909 4695 5907 2634 6519 2233 8463 7654 935 1778 5102 713 423 5255 4964 9403 8091 8583 9368 3045 1054 7877 7676 1163 3829 411 136 7258 2272 9130 2690 2221 7425 5666 8494 3131 3684 98 3383 1158 9392 1041 7643 9498 4831 1630
6448 4232 3188 5216 7878 8020 9955 1749 8308 7922 7554 9014 268 9901 8490 8745 3540 5240 510 5571 1927 946 15 3292 8247 9201 2322 8338 3650 3459 1343 4252 5759 9545 9232 6522 5325 4817 2134 1631 8935 5146 1784 9063 5345 617 9672 5652 6106 928 3008 1283 8169 8228 6437 6513 6329 1992 8382 1479 7855 5243 138 4779 8216 1285 5549 1135 2517 761 2246 1772 4273 6054 1546 3818 662 3526 6627 4832 4607 20 444 5530 1722 606 7961 2520 7975 9794 8558 3968 7700 2563 2759 1690 7579 9404 516 3131
4095 7878 561 1328 603 2476 7555 9149 8222 5268 7357 1145 4135 1098 4104 6089 1375 783 8160 2023 2275 3232 708 6018 8103 2300 7912 1941 9795 8176 1520 7990 2017 1755 5995 9294 792 8412 5016 3882 8372 8822 6114 5607 7608 471 1350 3473 7443 8348 4084 4426 6750 7231 5362 3037 3848 4009 7727 898 3656 4186 6584 4297 7936 5814 4489 2911 6384 2444 4452 4777 433 6157 8865 7621 173 7278 5509 1196 7730 966 2726 2586 5707 8443 913 5108 3413 8031 2463 1533 6268 2031 7862 1025 1204 1160 3662 7608
80 9779 5825 8919 2085 7481 3537 1034 4526 9459 1884 864 3199 9675 2626 4127 9543 8664 8337 9753 362 1592 453 6812 6588 5512 9030 5717 3570 1918 5708 744 5112 560 4808 6404 5346 5835 8274 4829 4802 2623 5810 5847 3618 254 2643 9691 1063 1550 1478 6101 3050 7051 8640 399 8602 5499 2518 6304 2173 5872 3979 9085 7741 4271 5367 7554 2464 2240 534 9731 7009 2083 2322 2992 6358 2239 5306 6475 240 3149 7058 3289 4569 397 4084 5190 9861 1936 8493 8824 1659 5205 2171 4047 1262 2100 311 3608
1481 2703 6880 6781 4558 503 9093 8185 7119 6036 69 7513 9411 4365 6854 7895 2192 5819 165 9016 4395 5381 9323 8279 1608 5285 3096 9394 5041 214 6215 9640 2903 6823 889 1522 4354 5938 3727 1556 3564 6767 7485 2142 7330 5590 6993 3986 1882 7050 2053 3972 7807 8932 6237 3974 1161 5280 5282 410 9853 4101 5155 6221 5216 4219 2728 4385 1587 4473 916 3634 4881 4744 128 2253 1047 4980 6640 7450 2025 243 8725 1187 2044 4434 184 2327 9634 844 7853 3298 3211 2150 8570 1308 5381 9707 4056 37
3012 5629 6823 4991 2470 706 3684 4749 8628 3719 7724 452 3877 2291 504 2120 231 743 5569 1329 8702 3470 6314 2049 2557 2427 2004 2222 9712 5615 2742 9960 461 2685 9959 5800 4478 5786 9808 4813 7570 9380 8909 9732 9148 3710 4977 6228 9745 7981 3724 6708 4426 9182 4835 1787 1575 4020 1500 778 2569 977 5960 5275 7472 2897 3520 8827 5088 6832 8128 3295 553 4099 4797 7293 4328 46 7807 8793 2002 3007 847 9794 7064 7580 9429 2904 1348 7920 5478 4145 6625 2890 7772 274 102 9729 8636 3345
5281 2768 3187 2456 9160 9746 3061 9603 1046 1434 9631 7922 3144 8895 2637 2228 2018 1072 8937 9832 7845 9857 8739 8956 9451 449 701 1107 6443 7231 3079 2132 291 2955 5154 7694 214 6478 7354 2928 5913 8950 515 4215 5447 5148 7689 7863 9636 7911 6208 3912 4070 6414 9801 7998 640 927 3099 8765 7802 802 986 3662 2656 6256 104 2595 4648 9763 5864 7197 9462 1118 6247 8874 6929 2062 7962 2405 6707 6649 6151 2047 2506 348 5785 6402 725 8350 8125 2047 2191 5467 9459 447 6654 7337 9561 4421
3800 2218 8810 1025 4257 388 1821 2511 8982 1021 454 1574 3244 5785 3660 1182 956 3358 6597 105 5399 2810 1539 8395 8474 9784 7215 9078 4966 7934 1302 9318 6293 4769 5382 2012 6576 1328 6386 288 4959 544 7212 91 1995 8240 7767 5424 4806 84 3097 6105 7948 6571 1311 3627 9285 3575 6299 7780 6909 1685 1917 2003 8553 6059 3806 9951 9099 6713 8199 1409 8309 533 1476 2476 9753 5206 2308 1254 7808 7058 8932 8510 7828 2493 1253 523 9410 4572 3061 3631 6046 1861 9468 5635 2627 6208 235 62
8 4123 7376 6130 9966 180 6362 9900 2855 4950 1301 9559 773 8149 5181 5444 5877 8130 4735 4345 2781 186 5077 9463 918 1431 3574 1159 4544 1003 8762 3469 8560 586 8126 7102 5662 6551 6604 1570 5957 2108 3530 3047 5352 6707 2672 204 2831 3295 4053 8831 9775 8318 8533 2033 1279 8527 8642 122 9666 6259 4092 6495 7381 4648 1033 3248 8124 3545 9056 6926 1741 1179 2202 9237 9471 6060 6474 926 5949 8604 8091 6110 192 1131 7181 5213 128 6548 2795 8481 1993 9846 1545 3970 1757 8122 7300 7440
1849 3939 9059 4496 7490 2439 2264 8672 3393 5199 9800 8130 347 8242 6055 1887 3552 6477 4957 7336 9140 3700 8221 5405 2747 912 4050 5520 7493 5503 4741 5298 1997 1312 6018 7075 4171 1257 1518 3643 3487 2681 9044 9526 7773 5085 7880 1908 8683 8376 9080 4811 9090 8012 8937 5550 8549 5446 6624 1184 9075 721 3687 802 982 6914 8785 5912 6443 9626 6258 1083 9425 6909 9420 4029 916 9911 3235 995 2557 9669 5888 8476 1046 6367 5293 2352 4804 1709 3753 2340 6627 9055 726 5987 8910 5313 4290 6389
4930 4919 6682 1975 7992 2745 4589 3552 4073 8360 1694 2583 8325 9051 1058 2466 1634 8126 9439 9099 6350 8670 1251 9052 2911 1669 2849 1247 1893 8132 1360 1590 2739 4147 9443 6431 8530 8491 2366 5074 7891 1112 6813 9758 8357 7830 3013 8627 6263 9120 6090 9751 6595 7723 305 8754 6867 7813 3406 8502 9617 7474 9023 2071 2300 7864 5047 7186 1785 9415 4005 203 4132 708 5541 7500 7368 8004 7672 6005 8999 7053 807 2807 4116 241 7662 9943 7655 8933 7281 7804 6000 9070 2313 514 3828 8315 9288 5907
8702 5058 4366 1405 6740 8957 9032 4270 4122 6274 5351 8884 4473 9885 4084 865 8221 3573 9212 3716 7881 5630 4138 194 6260 4084 1240 3654 9800 6902 7722 1365 6693 9365 1653 3965 9897 9979 9899 5343 6234 3975 8876 830 411 7029 140 8073 3484 6129 4039 3006 374 1530 4885 3229 8122 760 1911 9605 3093 6624 8419 319 765 7396 8367 259 1267 6735 764 9536 3900 4581 3152 8264 9808 1403 5619 7259 7956 1314 1301 7042 6761 4064 8014 2175 9915 6141 7814 270 8240 9448 1434 3477 691 3652 8502 8885
1282 3829 6473 4677 1184 2168 5975 7009 6937 648 9509 9116 7705 2420 2231 1038 1843 3700 8852 5553 8143 115 9959 5445 2864 8872 8628 3412 2552 9220 5337 7654 7352 1597 1494 9233 9756 3203 3370 9975 448 4174 3281 2335 6335 6556 9151 4455 7800 3548 7601 787 2370 6000 6248 1996 9445 2287 6616 3012 2978 5216 8892 1518 1006 3747 9591 5876 7691 6781 9836 2078 5306 6346 1236 1428 3425 9428 2165 80 8482 8537 648 7947 3648 289 5893 1393 4326 190 9905 4585 5770 6090 5001 586 5735 9192 9086 8176
987 4517 1136 9272 5907 3840 5163 6004 940 9464 4428 4387 2058 1262 2458 9744 2422 9822 8116 4096 3697 4159 6802 2390 9666 8277 1410 9079 2059 4391 1669 6419 4517 3968 4145 6433 3075 1013 1564 360 296 1594 7875 947 8416 6822 7194 8012 7773 7728 9094 8124 2061 2770 9617 228 3706 175 7572 2684 3977 6116 6566 6718 4089 5662 9679 2091 1319 6499 9199 7687 7600 1498 3493 9354 5473 6218 6029 2214 4802 9022 9777 2286 5998 105 9628 7356 6835 3070 630 2587 7712 9604 4388 1417 9396 1692 5500 8211
295 3294 6117 1236 6313 5749 6508 3932 6481 8998 2530 1949 479 1105 2814 683 9300 548 1802 9904 3429 3745 3936 4446 9953 2046 3832 187 9556 5779 6988 3801 5865 8486 3769 1250 6172 9125 913 2713 7621 4776 7611 5336 2049 4089 1494 924 3963 1139 5506 7625 3350 9644 6008 7763 200 8860 8207 523 7859 1227 7232 1292 846 6000 1557 2486 6908 513 9917 5148 8556 7297 3364 1025 5806 1821 9530 8590 6270 8768 3622 5655 6671 1693 3580 3213 9872 319 7051 9159 9505 1338 7085 9975 1867 9318 1302 8834
6747 8975 2765 666 839 5751 3139 680 8582 455 4388 919 8779 49 4521 47 1879 9914 901 1952 9769 1671 6158 5271 9216 3453 1426 6031 7354 6486 4234 546 5264 5010 6226 5422 6340 1414 2536 50 5094 4320 5295 4560 916 5549 3434 6687 6265 9062 8515 7478 7616 7113 176 3544 1067 9075 5896 9398 3677 1190 7651 9800 3731 909 2602 2361 4363 261 4132 2285 2640 8286 3304 7607 6723 4004 8574 9510 7419 1346 9963 1733 7032 5969 8149 1336 9117 5701 1724 5283 9135 5679 7969 3751 5696 3762 9410 7792
1285 2694 8624 4763 5597 2668 6769 5584 112 3493 11 3108 9567 9574 3584 1431 2921 2808 8348 4204 4024 2526 7116 6340 2140 7925 4013 2452 8837 5978 9661 1150 8645 5077 8701 857 4547 2026 7760 5308 3685 801 4001 3708 6265 2819 8829 9301 8539 8432 1356 7942 8755 1790 9740 3226 9062 9661 4007 2026 2450 3762 9410 7110 3092 5231 3358 9083 7299 7382 3074 2210 6103 3454 6230 9345 2758 8724 3036 5749 3473 489 5521 8798 7632 5259 5559 4433 9808 8745 7048 6242 508 525 9183 7093 7008 4626 7936 1356
5128 6956 3213 4267 6685 9394 2632 1946 8324 684 188 3367 3011 1361 3469 2616 6695 372 660 322 6318 8253 92 4536 9858 4904 2002 211 5759 3256 9924 6221 4609 8056 406 2477 2657 4370 9413 1932 1387 7542 6510 2610 8001 7915 2307 7244 4258 5860 762 2269 3136 5244 8343 2474 4887 9732 3686 9333 1909 8518 4648 5485 3797 88 5450 1194 2608 2194 1057 3470 7179 6165 9702 3557 2045 3273 709 3649 4318 2829 1248 8876 2366 232 6019 1540 1138 1525 7615 1032 9179 614 7816 6324 816 1936 4828 5466
7986 9562 9115 7801 661 2510 63 317 1218 3988 7538 7149 7405 6604 8167 3633 2736 8274 2222 2918 4983 7995 3695 6072 959 8352 7711 5372 954 2995 2209 8421 2605 1832 274 4188 1074 4084 2175 9963 9735 3677 9359 9514 9915 4506 1355 5426 3227 6555 8723 367 4817 3724 7775 4466 5787 8832 9563 795 2818 3535 7033 4153 2635 1916 4333 8462 1638 4519 1809 991 5978 4768 7092 184 9514 29 2560 5965 4670 8541 1299 5469 2961 3041 6307 3327 7461 6762 2297 5662 5231 7886 9338 338 613 148 9700 6286
