4 84
9 12 8 11
3 9 4 7
6 12 11 11
5 4 6 4
4 4 10
1 4 1
1 4 12
2 1 1
2 2 4
3 3 5
4 3 10
4 3 3
3 3 4
4 3 3
3 1 10
3 2 10
4 1 11
4 1 0
1 2 12
4 1 1
4 2 4
4 1 5
1 4 0
2 2 11
3 2 11
4 3 2
3 3 9
3 2 8
3 1 10
3 1 5
1 2 3
3 2 10
1 2 9
1 2 0
2 4 3
3 4 8
1 1 2
3 2 12
2 1 3
1 3 7
3 3 11
3 4 10
3 4 6
4 2 8
2 4 2
2 2 1
4 3 11
3 3 12
2 2 10
2 4 11
4 1 5
1 3 12
4 4 3
3 4 8
3 4 11
2 3 7
2 3 0
4 2 0
1 4 7
4 1 8
2 4 9
2 1 2
2 1 12
2 2 7
4 1 6
3 4 3
4 4 7
1 1 4
3 2 7
2 3 5
2 1 3
1 4 9
1 2 10
2 3 0
4 2 6
3 2 0
4 3 2
2 1 0
3 3 5
3 4 11
3 1 9
2 1 1
1 2 2
2 1 7
2 4 9
3 2 4
1 3 11
1 3 11
