19 63
9 6 9 9 12 7 12 4 8 2 2 11 5 10 5 7 5 11 7
8 2 11 4 8 11 5 4 5 4 10 4 1 6 6 7 11 6 8
5 10 4 6 8 3 2 12 4 7 2 7 1 10 7 8 6 4 1
5 6 4 8 3 2 5 2 2 7 7 3 9 8 3 5 11 8 10
1 7 9 8 9 12 6 8 2 5 2 7 5 6 12 3 10 1 4
7 12 12 5 4 11 5 6 9 9 12 8 1 9 4 7 6 4 10
4 5 5 4 8 10 7 7 8 5 9 7 7 12 8 6 2 5 4
12 10 9 4 11 6 4 8 1 7 3 11 8 9 7 3 11 6 4
12 10 2 12 1 3 6 4 12 10 9 1 12 9 6 7 2 5 4
3 12 6 4 9 7 7 12 12 2 12 8 2 7 11 9 9 8 4
7 12 7 2 6 9 1 9 10 9 3 12 4 1 4 5 11 3 7
11 5 2 10 6 8 9 4 8 9 3 4 3 4 12 7 1 7 1
11 7 4 8 2 1 9 7 3 7 9 6 1 11 12 7 2 4 2
8 8 2 11 6 3 6 7 2 4 7 4 5 8 5 5 1 6 10
1 1 5 7 3 11 2 10 6 7 2 4 7 1 4 8 4 3 3
6 1 10 1 1 11 3 12 12 8 8 10 4 4 11 8 11 5 8
11 6 9 12 10 2 2 3 6 1 2 12 10 11 1 5 1 1 6
12 10 12 6 9 2 5 7 9 2 4 8 7 10 5 1 11 5 7
11 1 7 8 6 9 3 7 6 3 10 1 11 5 2 9 10 4 8
10 10 7
4 3 2
1 11 10
6 19 5
10 10 10
16 13 3
14 6 8
16 7 0
19 3 11
14 13 10
13 4 6
4 16 11
16 13 6
13 19 0
19 12 11
4 2 9
14 6 4
2 19 10
12 12 0
5 10 7
2 14 2
14 3 1
14 17 12
12 4 7
13 19 7
4 9 8
4 17 12
18 15 7
12 12 0
3 4 3
15 10 1
6 10 4
2 4 3
8 3 10
8 10 4
7 10 10
5 10 4
12 8 5
17 14 8
1 12 8
6 15 0
15 5 7
10 3 1
7 5 1
1 4 2
3 8 0
18 11 5
18 4 5
2 3 8
14 14 11
1 2 10
19 7 9
16 16 2
9 14 5
2 10 9
16 7 4
9 15 9
11 10 5
5 2 3
18 10 7
11 16 1
11 8 7
16 1 8
