8 7 1 3 4 12 10 10 11 4 10 1 11 5 12 1
9 8 7 4 6 6 2 2 11 10 10 11 12 9 8 5
6 4 2 5 5 2 4 9 11 8 9 11 9 9 6 12
9 1 1 10 3 3 9 11 1 12 9 5 10 10 11 12
10 8 7 10 12 3 9 6 4 10 4 10 1 12 7 11
9 12 6 6 1 11 11 9 11 11 2 2 6 4 6 7
3 3 9 12 11 3 3 5 11 5 10 5 7 3 1 11
12 9 7 7 3 7 1 2 11 2 9 3 2 5 3 6
2 2 12 8 9 10 2 11 6 10 12 5 9 1 8 2
1 11 12 2 7 11 4 4 8 3 1 9 10 7 3 5
4 4 7 5 5 4 8 7 7 10 1 8 3 8 10 11
11 10 11 7 1 10 7 8 5 5 5 2 10 11 7 7
1 4 4 12 7 11 4 12 2 11 4 10 7 6 9 4
4 11 6 11 10 5 1 2 5 8 3 4 10 11 3 10
11 1 12 5 9 3 3 11 10 12 1 2 11 7 10 9
10 1 5 3 11 12 9 7 10 3 11 4 4 5 5 3
