7 12 6 3 10 1 5 10 6 12 3 6 4 2 7 11 11 5 3
4 8 2 9 4 3 8 8 1 9 11 1 10 10 6 9 3 10 12
6 9 4 4 9 12 10 9 5 8 8 9 3 5 12 3 3 1 12
3 11 3 12 1 8 10 8 8 5 10 2 8 12 5 8 5 2 6
3 10 10 4 11 10 3 6 4 6 9 10 8 2 6 11 8 11 4
2 5 6 6 11 2 7 9 4 8 12 4 9 10 3 8 9 7 8
9 8 9 3 2 11 7 8 1 8 7 1 1 11 5 5 3 6 7
2 10 8 12 1 4 1 6 3 1 10 2 11 5 1 11 9 4 4
2 10 3 8 3 1 3 2 2 12 4 4 3 10 9 3 12 3 4
1 8 4 8 7 1 12 6 10 5 3 7 1 11 1 1 3 2 12
10 1 9 11 9 8 11 3 1 5 11 4 8 10 11 3 10 2 8
3 7 5 3 10 8 8 9 12 1 12 9 8 2 8 5 1 7 3
2 8 6 11 5 12 7 6 6 10 5 10 5 8 7 4 1 3 10
2 12 8 11 12 5 7 9 8 10 6 11 10 7 3 5 3 8 2
9 7 12 9 6 3 5 2 2 4 3 1 4 3 4 10 8 7 9
7 4 2 12 6 12 7 1 5 1 6 4 7 3 8 9 12 6 11
7 12 4 2 6 6 5 7 2 9 3 9 7 9 1 7 5 5 12
4 12 3 9 1 2 4 7 1 1 6 1 12 8 8 11 11 5 9
8 8 2 11 3 2 4 12 3 12 12 10 9 8 3 12 3 9 3
